Station_ID	Year	January	February	March	April	May
DAN	1982		-0.625	3.296774194		
DAN	1983		7.717857143			
DAN	1984		5.24137931	1.525806452	1.46	-12.6516129
DAN	1985		2.832142857	4.222580645	-4.346666667	-15.98709677
DAN	1986		11.525	4.319354839	-4.025	-22.62967742
DAN	1987		5.757142857	4.785483871	-3.131	-5.794193548
DAN	1988					
DAN	1989		2.921428571	6.85483871	-1.963333333	-10.89677419
DAN	1990		7.478571429	0.816129032	-4.513333333	-9.829032258
DAN	1991	2.922580645	1.05	11.15483871	-0.871666667	-4.125806452
DAN	1992		4.236206897	1.388709677	-2.526666667	-11.11935484
DAN	1993		-0.180714286	-3.138064516	-5.0035	-16.04129032
DAN	1994		3.120714286	0.906612903	-3.980333333	-9.310322581
DAN	1995		-2.289285714	6.086543779		
DAN	1996		6.237586207	0.941935484	-4.818	-20.40580645
DAN	1997		-8.3	-4.948387097	-5.986	-20.88322581
DAN	1998		7.712857143	-5.904516129	-6.509	-13.40387097
DAN	1999		10.10071429	-2.1	-4.305666667	-14.71548387
DAN	2000		7.107931034	0.867741935	-6.54	-12.28741935
DAN	2001		2.637142857	-0.369032258	-6.015666667	-19.10129032
DAN	2002		-1.981785714	-2.393225806	-5.904	-15.89193548
DAN	2003		-3.413571429	-3.226451613	-0.496	-5.882580645
DAN	2004		-4.3		-7.063333333	-14.6483871
DAN	2005		-7.028571429	-11.4	-12.16	-18.73225806
DAN	2006		-3.171428571	-2.574193548	-8.566666667	-27.41290323
TUM	1980		5.920689655	6.383870968	-0.423333333	-17.8516129
TUM	1981		0.539285714			
TUM	1982		4.828571429	4.270967742		-21.5
TUM	1983		3.660714286			-4.222580645
TUM	1984		2.589655172	-0.012903226	-5.56	-14.51612903
TUM	1985		1.260714286	1.8	-8.316666667	-9.938709677
TUM	1986		8.885714286	-1.323225806	-6.531	-22.36451613
TUM	1987		2.053571429	1.032258065	-4.595555556	-0.6
TUM	1988		1.334482759	-0.482580645		0
TUM	1989					
TUM	1990		0.658571429	-1.117419355	-8.825333333	0
TUM	1991		-2.2	6.349032258	-2.858666667	-8.712903226
TUM	1992		1.697931034	0.041290323	-7.396	0
TUM	1993		1.848928571	-2.482580645	-10.55066667	-23.02870968
TUM	1994		2.152142857	-1.447741935	-5.781	0
TUM	1995		-8.885714286	1.019354839	-12.284	-22.06967742
TUM	1996		1.195862069	-1.541290323	-10.112	-22.97677419
TUM	1997		-2.307142857	-7.477419355	-11.87666667	-17.41935484
TUM	1998		9.398571429	-2.762580645	-4.116	-14.16580645
TUM	1999		-11.69285714	-28.87032258	-3.889333333	-17.08387097
TUM	2000		2.535862069	-2.658064516	-9.560666667	-5.687096774
TUM	2001		-5.377142857	-13.49419355	-6.644	-10.26064516
TUM	2002		-2.074285714	-1.42	-25.21266667	-8.145806452
TUM	2003		-2.957142857	-3.503225806	-3.964	-11.59032258
TUM	2004		-2.088965517	-8.336774194	-10.58266667	-1.4
TUM	2005		-5.538571429	-7.299354839	-8.22	-16.46580645
TUM	2006		-3.763571429	-0.010322581	1.102666667	-25.89483871
TUM	2007		1.602857143	-4.415483871	-8.070666667	0.032258065
TUM	2008		0.840689655	-6.949677419	-11.572	-8.709032258
HRS	1985				-13.94333333	
HRS	1986					
HRS	1987				-2.578666667	
HRS	1988		1.614482759		-2.42	-8.732258065
HRS	1989		2.583928571	7.796774194	-7.816666667	-15.02580645
HRS	1990		8.728571429	3.880645161	-5.903333333	-9.448387097
HRS	1991	3.377419355	-1.782142857	11.10322581	-1.256666667	-9.619354839
HRS	1992		2.936206897	-1.31483871	-11.293	-17.88387097
HRS	1993		3.796785714	-11.3516129	-0.5305	-20.94129032
HRS	1994		6.34	2.024193548	-4.332166667	-10.43354839
HRS	1995		16.14785714	10.98129032	-7.434	
HRS	1996		6.644827586	-15.8116129	-1.103666667	-16.58354839
HRS	1997				-7.022	-28.43645161
HRS	1998		14.01428571	-7.404193548	-15.14633333	-9.807419355
HRS	1999		5.413571429	21.06548387	24.84633333	-21.00096774
HRS	2000		10.38793103	1.68516129	-7.652666667	-18.40935484
HRS	2001		10.89928571	11.05387097	-10.21866667	-23.41129032
HRS	2002		-0.176071429	17.56774194	-11.07	-15.14709677
HRS	2003		2.046785714	0.949677419	4.333666667	-4.079032258
HRS	2004		3.038275862	-4.863870968	10.02433333	-22.88064516
HRS	2005					
HRS	2006		5.233214286	12.78258065	10.36733333	-7.392258065
HRS	2007		7.057857143	4.255483871	-0.755	-12.4316129
HRS	2008		2.226551724	2.070322581	2.815666667	-8.889677419
PDS	1981				-3.94	-14.21290323
PDS	1982					
PDS	1983					
PDS	1984					
PDS	1985				-2.536666667	-15.19677419
PDS	1986					
PDS	1987					
PDS	1988		4.099310345		0.588333333	-1.716129032
PDS	1989		0.232142857	4.210645161	-12.50433333	-11.26129032
PDS	1990		8.303571429	3.787096774	-4.746666667	-0.422580645
PDS	1991			17.25086957	-0.813666667	-5.841935484
PDS	1992		5.930344828	-0.703709677	-9.887333333	
PDS	1993					
PDS	1994		6.429285714	0.487258065	-6.069333333	-6.796774194
PDS	1995		-1.6825		11.26133333	-2.012258065
PDS	1996		7.617931034	-1.003548387	-1.500333333	
PDS	1997					
PDS	1998					
PDS	1999		5.625714286	4.138064516	-7.337333333	-18.80322581
PDS	2000			2.35516129	-9.502666667	-14.69451613
PDS	2001					
PDS	2002		0.276785714	3.09	-4.683666667	-12.28741935
PDS	2003		0.360357143	0.344516129	2.114	-12.60387097
PDS	2004		4.455172414	-1.866129032	-8.712666667	-19.87709677
PDS	2005		2.2075	-7.336451613	-11.381	-21.99419355
PDS	2006		-4.275	-0.188709677	0.675	-35.07967742
PDS	2007		4.370714286	-1.966451613	-5.196666667	-7.833225806
PDS	2008		-0.769310345	-6.471612903	-8.954	-17.89709677
SNF	1989		3.272857143	6.971935484		
SNF	1990		-0.4975	-1.246612903	-20.15466667	-18.8183871
SNF	1991		0.92	17.39677419	-4.193666667	-1.95516129
SNF	1992		5.123793103	0.279193548	-3.524666667	-9.707419355
SNF	1993		1.493214286	-5.616612903	-9.165666667	-26.26483871
SNF	1994		4.572857143	-2.883387097	-4.423	-10.98258065
SNF	1995		-2.014285714	13.47096774	0.3	-11.77096774
SNF	1996					
SNF	1997					
SNF	1998		12.11428571	-10.04285714		
STR	1989		5.515	5.624516129	-11.19233333	-6.662258065
STR	1990		3.167142857	1.271129032	-6.638	-3.657741935
STR	1991		1.338214286	13.30129032	2.613666667	-7.146129032
STR	1992		4.925172414	2.207258065	-8.193666667	-3.362580645
STR	1993		6.932142857	-2.056774194	0.469833333	-18.25
STR	1994		4.898571429	-2.113548387	-8.002666667	-5.198064516
STR	1995		-0.482142857	13.82064516	-1.186333333	-11.40935484
STR	1996		5.404137931	4.360645161	-1.090333333	-20.80354839
STR	1997		4.9375	0.347741935	-2.256	-20.08580645
STR	1998		14.11357143	-3.068064516	-1.195333333	-10.22580645
STR	1999		2.473214286	2.764516129	4.885	-6.847096774
STR	2000		2.831034483	-3.723225806	-11.56366667	-16.24645161
STR	2001		3.841428571	0.835806452	0.569666667	-16.91354839
STR	2002		0.655357143	2.005806452	0.674333333	-8.185806452
STR	2003		-0.7325	-0.138064516	4.288333333	-1.507096774
STR	2004		0.89	-4.758064516	-29.08733333	-9.338387097
STR	2005		-5.541785714	-5.470645161	-4.122333333	-18.32064516
STR	2006		-1.603571429	5.293548387	5.57	-22.41290323
STR	2007		1.711428571	-5.523548387	-6.104333333	-5.390322581
STR	2008		-0.004137931	-1.207741935	-9.579	-13.48225806
TNY	1999		7.575	-0.758064516	0.04	-11.27419355
TNY	2000			1.435483871	-3.843333333	-6.587096774
TNY	2001		1.842857143	1.222580645	3.083333333	-15.90645161
TNY	2002		1.171428571	1.880645161	-7.253333333	-9.761290323
TNY	2003		1.743214286	1.59516129	6.005333333	0.963548387
TNY	2004		0.75137931	-5.959032258	-6.318666667	-7.950645161
TNY	2005		-3.746071429	-2.647096774	-3.877666667	-11.23322581
TNY	2006		-2.42	5.67	4.336333333	-15.33967742
TNY	2007		5.197142857	-1.010645161	-2.168	-7.801290323
TNY	2008		2.836206897	-3.543548387	-5.322666667	-15.20032258
VLC	1990				-1.975666667	
VLC	1991				-1.172666667	
VLC	1992				-0.804666667	
VLC	1993				-5.888833333	
VLC	1994				-3.252833333	
VLC	1995		-21.21071429		-7.5	
VLC	1996				1.985333333	
VLC	1997				-5.202333333	
VLC	1998				-3.771333333	
VLC	1999				-4.05	-11.85129032
VLC	2000				-1.801333333	-9.529354839
VLC	2001				0.864333333	
VLC	2002		-0.123571429	0.711612903	-4.595666667	-8.979354839
VLC	2003		0.713571429	-0.342580645	1.831666667	2.723548387
VLC	2004				-2.461333333	
VLC	2005				-2.526666667	
VLC	2006		0.273928571		7.827666667	-17.74387097
VLC	2007				-4.398333333	
VLC	2008				-3.789	
AGP	1990		3.971785714	1.042258065	-0.398	
AGP	1991		-1.4	8.86483871	-3.361666667	
AGP	1992		3.05	0.753709677	-2.386	
AGP	1993		4.074642857	-2.782258065	1.652666667	
AGP	1994		4.446071429	1.508064516	-0.979666667	
AGP	1995		-2.7925	11.36290323	-1.738333333	
AGP	1996		6.092758621	4.116774194	-10.2044	
AGP	1997					
AGP	1998					
AGP	1999		6.86	-0.021290323		
AGP	2000		14.79517241	7.326451613	4.856666667	
AGP	2001		1.501428571	-2.672580645	-13.64733333	
AGP	2002		-1.397857143	-0.395483871	-9.077	
AGP	2003			-3.390967742	-1.173	
AGP	2004			-9.444516129	-8.451	
AGP	2005		-8.628928571	-10.46322581	14.55357143	
AGP	2006			-6.801612903	-14.02966667	
AGP	2007				0.181333333	
AGP	2008				-4.287	
HTT	1988		-0.2	0.60483871	-3.6	-1.7
HTT	1989		4.2375	1.619354839	-12.7	0
HTT	1990				-9.754333333	
HTT	1991				-2.864666667	
HTT	1992				-5.548666667	
HTT	1993				-2.285333333	
HTT	1994				-3.216833333	
HTT	1995				-3.332666667	
HTT	1996				10.67590909	
HTT	1997				-3.561666667	
HTT	1998				0.887333333	
HTT	1999				4.022	
HTT	2000				-7.487333333	
