Years_B2008	d18O_VPDB
11367	-6.276
11496	-6.295
11619	-6.388
11736	-7.289
11848	-7.907
11955	-7.648
12057	-7.997
12154	-8.224
12247	-8.285
12335	-8.034
12419	-7.306
12499	-8.472
12575	-8.53
12647	-8.477
12715	-8.738
12781	-8.834
12842	-8.333
12901	-7.403
12956	-6.89
13009	-6.78
13059	-6.549
13106	-7.023
13151	-7.205
13193	-7.152
13234	-6.889
13271	-6.737
13307	-6.409
13341	-6.643
13373	-6.488
13404	-6.542
13432	-6.394
13459	-6.341
13485	-6.391
13509	-6.422
13532	-6.537
13554	-6.895
13574	-6.78
13594	-6.517
13612	-6.435
13630	-6.286
13647	-6.247
13662	-6.21
13678	-6.16
13692	-6.486
13706	-6.223
13719	-6.839
13732	-6.725
13744	-6.627
13756	-6.674
13768	-6.668
13779	-6.696
13790	-6.712
13800	-6.717
13811	-6.694
13821	-6.679
13831	-6.4
13841	-6.309
13851	-6.431
13860	-6.388
13870	-6.212
13880	-6.184
13890	-5.963
13900	-6.052
13910	-6.227
13920	-6.219
13930	-5.961
13940	-6.132
13950	-5.796
13961	-5.767
13971	-6.205
13982	-6.231
13993	-5.96
14004	-5.881
14015	-5.864
14027	-5.957
14039	-6.037
14051	-6.253
14063	-6.3
14075	-6.285
14088	-6.164
14101	-6.128
14114	-6.168
14127	-6.217
14141	-6.324
14154	-6.396
14168	-6.552
14182	-6.81
14197	-6.908
14212	-7.059
14226	-6.957
14241	-6.826
14257	-6.702
14272	-6.427
14288	-6.294
14304	-6.134
14320	-6.043
14336	-6.148
14352	-5.971
14369	-5.887
14385	-6.024
14402	-6.138
14419	-5.709
14436	-5.822
14454	-5.886
14471	-5.676
14488	-5.811
14506	-5.806
14524	-5.775
14541	-5.795
14559	-5.626
14577	-5.612
14595	-5.641
14613	-5.939
14631	-6.009
14649	-6.506
14668	-6.725
14686	-6.761
14704	-6.977
14722	-6.993
14740	-6.794
14759	-6.362
14777	-6.419
14795	-5.983
14813	-5.625
14832	-5.499
14850	-5.546
14868	-5.694
14886	-5.851
14904	-6.112
14922	-6.32
14940	-6.474
14958	-6.474
14976	-7.124
14994	-7.319
15012	-7.748
15030	-7.839
15047	-8.343
15065	-8.918
15083	-9.272
15100	-9.505
15118	-9.677
15135	-9.49
15152	-11.272
15170	-9.393
15187	-9.594
15204	-8.79
15221	-8.611
15239	-8.639
15256	-8.656
15273	-8.435
15290	-8.677
15307	-8.539
15324	-8.887
15341	-8.582
15358	-8.51
15375	-8.134
15392	-7.85
15409	-7.423
15426	-7.317
15443	-7.355
15460	-7.805
15477	-7.743
15495	-7.694
15512	-7.405
15529	-7.362
15547	-8.506
15564	-7.392
15582	-7.613
15600	-7.413
15618	-7.393
15636	-9.143
15654	-7.2
15673	-7.467
15691	-7.444
15710	-7.237
15729	-6.937
15748	-7.246
15768	-7.706
15788	-7.602
15808	-7.444
15828	-7.202
15848	-6.869
15869	-7.398
15890	-7.336
15912	-7.426
15934	-6.936
15956	-7.056
15978	-7.243
16001	-6.948
16025	-6.783
16049	-6.959
16073	-8.012
16098	-6.888
16123	-6.782
16148	-7.574
16174	-7.338
16201	-7.209
16228	-7.237
16256	-6.652
16284	-6.565
16313	-7.383
16342	-7.565
16372	-7.922
16402	-7.89
16434	-8.167
16465	-8.266
16497	-8.819
16530	-9.001
16564	-9.257
16598	-9.147
16633	-9.29
16668	-8.826
16705	-8.683
16741	-8.916
16779	-8.874
16817	-9.079
16856	-9.22
16896	-9.39
16936	-9.684
16977	-9.093
17018	-8.72
17061	-8.18
17103	-7.855
17147	-7.797
17191	-7.579
17236	-7.367
17282	-7.53
17338	-8.065
17446	-9.116
17541	-9.655
17624	-9.67
17698	-9.45
17762	-8.903
17820	-8.336
17871	-8.263
17916	-8.751
17957	-9.692
17995	-9.359
18029	-9.038
18062	-8.57
18093	-8.6
18123	-8.008
18153	-8.389
18183	-8.468
18214	-8.172
18245	-7.796
18278	-7.184
18313	-7.054
18349	-6.938
18387	-7.017
18427	-7.54
18469	-8.227
18514	-8.011
18560	-7.088
18609	-7.365
18661	-6.57
18714	-6.529
18770	-6.855
18828	-6.835
18888	-7.266
18950	-7.486
19014	-7.493
19079	-7.437
19146	-7.276
19214	-7.114
19283	-7.107
19353	-7.609
19424	-8.348
19496	-8.476
19568	-7.793
19640	-7.398
19712	-7.358
19784	-7.671
19855	-7.968
19927	-8.335
19997	-8.542
20066	-7.98
20135	-7.587
20202	-7.183
20268	-6.921
20333	-6.89
20396	-6.978
20457	-7.323
20517	-7.157
20575	-7.171
20630	-7.215
20684	-7.113
20736	-7.181
20786	-7.74
20833	-7.802
20879	-8.286
20923	-8.135
20964	-9.032
21004	-9.66
21041	-9.816
21077	-8.931
21111	-8.35
21144	-7.774
21175	-8.027
21204	-8.41
21233	-8.622
21260	-8.74
21286	-8.515
21312	-8.189
21337	-7.878
21362	-7.615
21386	-7.817
21411	-8.144
21436	-8.762
21462	-9.298
21488	-9.165
21516	-9.245
21545	-9.12
21576	-9.108
21608	-9.369
21643	-9.652
21680	-10.234
21720	-10.087
21763	-10.534
21809	-9.844
21858	-10.017
21912	-9.915
21969	-9.806
22030	-9.769
22096	-9.19
22166	-8.536
22241	-8.549
22321	-8.741
22406	-8.937
22497	-9.189
22592	-9.816
22693	-9.931
22799	-10.272
22911	-9.977
23028	-10.723
23151	-10.197
23278	-9.486
23411	-9.642
23549	-9.127
23691	-9.151
23837	-9.468
23988	-9.202
24143	-9.308
24300	-10.008
24461	-9.798
24623	-9.298
24787	-9.165
24952	-9.062
25117	-9.281
25281	-9.37
25444	-9.179
25604	-9.101
25760	-9.175
25911	-8.882
25944	-9.72
25977	-10.227
26010	-10.81
26043	-10.411
26076	-9.95
26109	-9.957
26142	-10.121
26260	-10.259
26270	-10.626
26283	-10.438
26300	-10.479
26320	-9.893
26343	-9.872
26370	-9.562
26399	-9.504
26431	-9.474
26466	-9.31
26504	-9.306
26544	-8.374
26586	-8.12
26631	-8.367
26678	-8.433
26726	-8.477
26777	-8.188
26830	-8.17
26885	-8.173
26941	-8.249
26999	-8.351
27058	-8.642
27119	-8.721
27181	-8.835
27244	-8.416
27309	-8.768
27375	-8.897
27441	-9.181
27509	-9.119
27577	-9.158
27647	-8.99
27717	-9.017
27787	-9.052
27859	-9.23
27931	-8.983
28003	-10.311
28076	-10.011
28149	-9.784
28222	-9.61
28296	-9.494
28370	-9.377
28444	-9.239
28518	-9.589
28592	-9.182
28666	-9.195
28740	-9.089
28814	-8.841
28887	-8.521
28961	-8.53
29034	-8.304
29107	-8.593
29180	-9.234
29252	-8.925
29324	-9.302
29396	-9.695
29467	-9.351
29538	-9.674
29608	-9.601
29677	-9.631
29746	-10.165
29815	-10.036
29883	-9.899
29950	-10.332
30017	-10.737
30082	-10.677
30148	-10.609
30212	-10.566
30276	-10.596
30339	-10.547
30401	-10.538
30462	-10.55
30523	-9.155
30583	-9.004
30641	-9.254
30700	-9.178
30757	-9.119
30813	-9.549
30869	-9.575
30923	-9.969
30977	-9.531
31030	-9.195
31082	-8.654
31133	-8.838
31183	-8.408
31232	-8.158
31281	-7.744
31328	-7.451
31375	-7.226
31420	-7.055
31465	-7.071
31509	-7.214
31551	-7.686
31593	-7.666
31634	-8.253
31675	-8.616
31714	-9.232
31752	-8.902
31790	-8.491
31826	-8.365
31862	-7.914
31897	-7.665
31931	-7.147
31964	-7.163
31996	-7.834
32028	-8.709
32059	-9.39
32088	-9.984
32118	-10.532
32146	-10.343
32173	-10.311
32200	-10.305
32226	-9.863
32251	-9.93
32276	-9.862
32300	-10.14
32323	-9.638
32345	-9.469
32367	-9.468
32388	-9.257
32408	-9.661
32428	-9.679
32447	-9.283
32466	-9.8
32483	-9.394
32501	-9.302
32518	-8.867
32534	-8.732
32550	-8.583
32565	-8.463
32579	-8.441
32594	-8.583
32607	-8.015
32621	-8.261
32634	-8.209
32646	-8.278
32658	-8.356
32670	-8.358
32681	-8.597
32692	-8.987
32703	-8.786
32713	-9.15
32723	-8.899
32733	-9.238
32742	-9.112
32751	-9.178
32760	-9.216
32769	-9.174
32778	-8.507
32786	-8.068
32794	-8.014
32802	-8.023
32810	-7.882
32818	-7.71
32825	-7.792
32833	-7.334
32841	-7.617
32848	-7.938
32855	-7.575
32863	-7.54
32870	-7.476
32877	-7.513
32885	-7.339
32892	-7.098
32900	-7.038
32907	-7.046
32915	-7.048
32922	-7.538
32930	-7.416
32938	-7.822
32946	-7.9
32954	-8.037
32962	-8.403
32971	-8.737
32979	-8.499
32988	-8.45
32997	-8.455
33006	-8.023
33016	-7.919
33025	-8.285
33035	-7.852
33045	-8.86
33056	-7.814
33066	-8.354
33077	-8.597
33088	-8.523
33100	-9.218
33111	-9.15
33123	-8.479
33136	-9.631
33148	-8.645
33161	-10.042
33175	-10.092
33188	-10.383
33202	-10.343
33217	-10.509
33231	-11.01
33246	-11.019
33262	-10.67
33277	-10.3
33293	-10.171
33310	-10.208
33327	-10.106
33344	-10.064
33361	-9.275
33379	-9.015
33397	-8.937
33416	-8.815
33435	-8.833
33454	-8.679
33474	-8.547
33494	-8.511
33514	-8.228
33535	-8.327
33556	-8.499
33577	-8.37
33599	-8.524
33621	-8.688
33643	-8.364
33666	-8.094
33689	-7.935
33712	-7.732
33736	-8.022
33759	-7.887
33783	-7.515
33808	-7.192
33833	-7.066
33857	-7.037
33883	-7.097
33908	-7.178
33934	-7.17
33959	-7.188
33985	-7.24
34012	-7.093
34038	-7.121
34064	-7.006
34091	-7.299
34118	-7.532
34145	-7.81
34172	-7.942
34199	-7.98
34226	-8.157
34253	-8.206
34280	-8.526
34307	-8.416
34335	-9.775
34362	-9.17
34389	-10.102
34416	-9.942
34443	-10.408
34470	-9.922
34496	-10.581
34523	-10.688
34549	-10.631
34575	-10.256
34601	-10.668
34627	-10.33
34652	-10.2
34678	-10.155
34702	-9.248
34727	-9.149
34751	-9.12
34775	-9.445
34798	-9.479
34821	-9.418
34843	-9.118
34865	-8.879
34887	-8.302
34907	-7.928
34928	-7.768
34947	-7.649
34966	-7.85
34984	-7.984
35002	-7.882
35019	-7.86
35035	-7.991
35050	-7.905
35064	-8.045
35078	-7.822
35090	-7.92
35102	-8.002
35113	-7.988
35122	-8.212
35131	-8.351
35135	-8.183
35167	-7.852
35199	-7.992
35231	-7.707
35263	-7.603
35294	-7.596
35326	-7.661
35357	-7.614
35388	-7.816
35419	-7.856
35450	-8.091
35480	-8.232
35510	-8.224
35541	-8.223
35570	-8.294
35600	-8.381
35630	-8.551
35659	-8.75
35688	-8.505
35716	-8.406
35745	-8.05
35773	-8.173
35801	-8.403
35828	-8.504
35855	-8.835
35882	-9.292
35909	-9.403
35936	-9.923
35962	-10.516
35987	-10.711
36013	-10.979
36038	-11.059
36063	-11.168
36087	-11.27
36112	-11.143
36135	-11.218
36159	-11.05
36182	-11.155
36205	-10.904
36228	-10.744
36250	-10.466
36272	-10.339
36294	-10.251
36315	-9.856
36336	-9.896
36357	-9.861
36377	-9.593
36397	-9.538
36417	-9.444
36436	-9.571
36455	-9.605
36474	-9.378
36493	-9.382
36511	-8.958
36529	-8.406
36546	-8.373
36564	-8.303
36581	-8.307
36597	-8.327
36614	-8.328
36630	-8.468
36646	-8.754
36662	-8.586
36677	-8.565
36692	-8.468
36707	-8.587
36722	-8.425
36736	-8.402
36750	-8.508
36764	-8.344
36778	-8.287
36792	-8.129
36805	-8.381
36818	-8.182
36831	-8.212
36844	-8.241
36857	-8.182
36869	-8.247
36881	-8.3
36893	-8.444
36905	-8.531
36917	-8.411
36929	-8.684
36940	-8.766
36952	-8.844
36963	-9.025
36974	-9.115
36985	-9.071
36996	-9.135
37007	-9.031
37018	-9.013
37029	-8.927
37040	-8.769
37051	-8.776
37061	-8.804
37072	-8.778
37083	-8.781
37093	-8.758
37104	-8.921
37114	-8.836
37125	-8.855
37136	-8.819
37146	-8.851
37157	-8.785
37168	-8.871
37179	-8.847
37190	-8.714
37201	-8.548
37212	-8.457
37223	-8.33
37234	-8.146
37246	
37257	-7.865
37269	-7.789
37281	-7.682
37292	-7.956
37305	
37317	-8.152
37329	-8.29
37342	-8.341
37355	-8.417
37368	-8.472
37381	-8.511
37394	-8.545
37408	-8.595
37422	-8.497
37436	-8.588
37450	-8.413
37465	-8.276
37480	-8.203
37495	-8.204
37510	-8.08
37526	-8.16
37542	-8.104
37558	-8.112
37575	-8.214
37592	-8.438
37609	-8.485
37627	-8.538
37645	-8.484
37663	-8.456
37682	-8.438
37701	-8.485
37721	-8.468
37740	-8.283
37761	-8.278
37781	-8.261
37802	-8.216
37824	-8.145
37845	-8.015
37868	-8.097
37890	-7.93
37913	-7.951
37937	-7.918
37961	-7.783
37985	-7.77
38010	-7.742
38035	-7.719
38061	-7.832
38087	-7.781
38114	-8.014
38141	-8.047
38169	-8.131
38197	-8.163
38225	-8.533
38255	-8.298
38284	-8.419
38314	-8.501
38345	-9.147
38376	-8.571
38408	-8.711
38440	-8.735
38472	-8.761
38505	-8.475
38539	-8.771
38573	-8.766
38608	-9.167
38643	-9.332
38679	-9.81
38715	-10.32
38752	-10.76
38789	-11.17
38827	-11.403
38866	-11.523
38904	-11.206
38944	-10.953
38984	-11.129
39024	-10.753
39065	-10.699
39107	-10.522
39149	-10.736
39191	-11.358
39235	-11.289
39278	-11.187
39322	-11.383
39367	-11.178
39412	-11.027
39458	-11.081
39504	-11.047
39550	-10.85
39598	-10.758
39645	-10.624
39693	-10.735
39742	-10.448
39791	-10.371
39841	-10.388
39891	
39941	-9.922
39992	-10.056
40043	-10.131
40095	-10.205
40147	-10.382
40200	-10.417
40253	-9.817
40307	-9.482
40361	-10.488
40415	-9.337
40470	-9.804
40525	
40580	-10.517
40636	-10.496
40692	-10.399
40749	-10.327
40806	-10.225
40863	-10.235
40920	-10.117
40978	-10.199
41036	-10.225
41095	-10.245
41153	-10.332
41212	-10.307
41271	-9.792
41331	-9.733
41390	-9.811
41450	-9.512
41510	-8.861
41570	-8.751
41630	-8.862
41690	-8.516
41751	-8.396
41812	-8.565
41872	-8.467
41933	-8.37
41994	-8.222
42055	-8.216
42116	-8.116
42177	-8.093
42238	-8.229
42298	-8.58
42359	-9.014
42420	-9.99
42481	-10.998
42541	-11.067
42602	-11.262
42662	-11.311
42722	-11.128
42782	-10.966
42842	-10.742
42901	-10.908
42960	-11.011
43019	-10.898
43078	-10.319
43136	-9.69
43194	-9.652
43252	-9.256
43309	-9.154
43366	-8.945
43422	-8.957
43478	
43533	
43588	-8.845
43643	-8.533
43696	-8.352
43749	-8.51
43802	-8.637
43854	-8.619
43905	-8.339
43955	-8.365
44005	-8.527
44053	-8.3
44101	-8.154
44149	-7.88
44166	-7.639
44171	-7.652
44176	-7.815
44181	-7.672
44186	-7.68
44191	-7.597
44196	-7.52
44201	-7.575
44206	-8.091
44213	-8.601
44224	-8.872
44236	-9.143
44251	-9.471
44268	-9.927
44287	-10.237
44308	-10.583
44332	-10.996
44357	-10.756
44385	-10.998
44414	-10.678
44445	-10.6
44477	-10.582
44512	-10.338
44548	-10.405
44586	-10.079
44625	-10.681
44665	-10.171
44707	-9.911
44750	-10.009
44795	-9.663
44841	-9.471
44888	-9.523
44936	-9.193
44985	-9.143
45035	-8.99
45087	-8.857
45139	-8.497
45192	-8.721
45246	-8.656
45300	-9.036
45355	-9.268
45411	-9.138
45468	-8.956
45525	-8.78
45583	
45641	-8.869
45700	-8.694
45759	
45819	-8.669
45879	-8.782
45939	-8.827
45999	-8.491
46060	-8.068
46121	-8.402
46182	-8.185
46243	-8.245
46304	-7.885
46365	-8.129
46426	-8.193
46488	-8.226
46549	-7.881
46610	-7.555
46671	-7.938
46731	-7.955
46792	-7.773
46852	-7.647
46913	-8.186
46972	-7.69
47032	-7.894
47091	-7.689
47150	-8.018
47209	-7.984
47267	-8.287
47324	-8.091
47382	-8.258
47438	-8.459
47495	-8.333
47551	-8.206
47606	-8.023
47661	-7.88
47715	-8.426
47768	-7.784
47821	-7.751
47874	-7.876
47925	-7.806
47976	-7.851
48027	-7.802
48077	-7.338
48126	-7.502
48174	-7.673
48222	-7.559
48269	-8.185
48315	-8.917
48360	-9.384
48405	-9.93
48449	-10.266
48492	-10.239
48535	-10.429
48576	-10.377
48617	-10.307
48657	-10.346
48697	-10.434
48735	-10.515
48773	-10.431
48810	-10.605
48846	-10.596
48881	-10.719
48916	-10.535
48950	-10.398
48983	-10.403
49015	-10.299
49046	-10.286
49077	-10.202
49107	-10.298
49136	-10.294
49164	-10.055
49192	-9.912
49219	-9.884
49245	-9.71
49270	-9.621
49295	-9.612
49319	-9.593
49342	-9.548
49365	-9.247
49387	-9.134
49408	
49429	-8.884
49449	-8.881
49468	-8.708
49487	-8.555
49505	-8.451
49523	-8.531
49540	-8.514
49557	
49573	
49588	-8.569
49604	-8.679
49618	-8.524
49633	-8.486
49647	-8.278
49660	-8.241
49673	-7.899
49686	-7.693
49699	-7.358
49711	-7.225
49724	
49736	-7.381
49747	-7.541
49759	-7.345
49770	-7.306
49782	-7.237
49793	-7.1
49805	-7.068
49816	-7.214
49828	-7.201
49839	-6.941
49851	-7.429
49863	-7.701
49875	-7.55
49887	-7.536
49899	-7.461
49912	-7.517
49925	-7.347
49939	-7.49
49953	-7.645
49968	-7.833
49983	-8.153
49998	-8.344
50014	-8.255
50031	-8.777
50049	-8.803
50067	-8.762
50086	-8.889
50106	-8.788
50127	-8.553
50149	-8.498
50172	-8.305
50196	-8.153
50220	-7.922
50246	
50274	-7.866
50302	-7.663
50332	-7.574
50363	-7.476
50396	-7.502
50430	-7.515
50465	-7.62
50503	
50541	-7.541
50582	-7.723
50624	-7.529
50668	-7.679
50714	-7.82
50762	-7.981
50812	-8.006
50864	-8.019
50919	-8.053
50975	-8.059
51034	-7.923
51095	-7.859
51158	-7.688
51224	-7.858
51292	
51364	-7.83
51437	-7.841
51514	-7.873
51593	-7.553
51675	-7.409
51760	-7.497
51849	-7.615
51853	-7.558
51909	-7.793
51964	-7.955
52019	-8.065
52075	-8.073
52130	-7.825
52186	-7.869
52242	-7.876
52298	-7.849
52354	-7.741
52410	-7.623
52466	-7.553
52523	-7.541
52579	-7.333
52635	-7.352
52691	-7.431
52748	-7.549
52804	-7.378
52860	-7.401
52917	-7.427
52973	-7.523
53029	-7.567
53085	-7.456
53142	-7.539
53198	-7.432
53254	-7.411
53310	-7.487
53365	-7.335
53421	-7.353
53476	-7.124
53532	-7.112
53587	-7.027
53642	-6.946
53697	-6.744
53751	-6.637
53806	-6.688
53860	-6.635
53914	-6.734
53967	-6.664
54021	-6.746
54074	-6.768
54126	-6.876
54179	-6.774
54231	-6.414
54283	-6.452
54334	-6.621
54385	-6.802
54435	-6.843
54485	-6.92
54535	-6.819
54584	-6.706
54633	-6.88
54681	-6.671
54729	-6.599
54776	-6.592
54823	-6.589
54869	-6.634
54914	-6.753
54959	-7.097
55003	-7.061
55047	-7.683
55090	-7.801
55132	-8.477
55174	-8.603
55214	-9.094
55255	-9.258
55294	-9.064
55332	-9.036
55370	-9.038
55407	-9.011
55443	-8.833
55478	-8.855
55512	-8.609
55546	-8.647
55578	-8.361
55609	-8.508
55640	-8.589
55669	-8.822
55698	-8.419
55725	-8.455
55751	-8.197
55777	-8.072
55801	-8.159
55823	-7.972
55845	-7.703
55866	-7.973
55885	-8.032
55903	-8.127
