Years_B1950	d18O_IceVolCorrected
11484	-8.852
11507	-9.644
11529	-9.748
11552	-9.777
11573	-9.861
11594	-9.913
11615	-9.858
11636	-9.819
11655	-9.695
11675	-9.711
11694	-9.877
11713	-9.966
11731	-9.837
11749	-9.936
11767	-9.901
11784	-10.002
11801	-10.156
11817	-10.133
11833	-10.184
11849	-10.087
11865	-9.804
11880	-9.853
11895	-10.127
11910	-10.128
11924	-10.154
11938	-10.292
11952	-10.226
11966	-10.131
11980	-10.147
11993	-9.876
12006	-10.022
12019	-9.955
12032	-9.66
12044	-9.936
12057	-9.967
12069	-9.771
12081	-9.815
12093	-9.987
12105	-10.155
12117	-10.458
12128	-10.516
12140	-10.595
12151	-10.436
12163	-10.301
12174	-10.048
12185	-9.991
12196	-9.848
12208	-9.541
12219	-9.428
12230	-9.461
12241	-9.416
12252	-9.842
12264	-10.082
12275	-10.156
12286	-10.219
12298	-9.97
12309	-9.975
12321	-9.73
12332	-9.446
12344	-9.57
12356	-9.477
12367	-9.36
12379	-9.671
12392	-9.491
12404	-9.717
12416	-9.806
12429	-9.73
12442	-10.058
12455	-10.049
12468	-9.969
12481	-9.965
12495	-10.138
12509	-10.219
12552	-10.121
12567	-9.536
12582	-9.642
12597	-9.686
12613	-9.815
12629	-9.634
12645	-9.64
12662	-9.843
12679	-10.009
12696	-10.045
12714	-10.164
12732	-10.183
12750	-10.25
12769	-10.268
12789	-10.195
12808	-10.211
12828	-10.126
12849	-9.978
12870	-9.874
12891	-9.785
12913	-9.825
12935	-9.847
12958	-9.824
12982	-9.748
13005	-9.616
13030	-9.417
13055	-9.394
13080	-9.3
13106	-9.32
13132	-9.333
13159	-9.416
13187	-9.328
13215	-9.208
13244	-9.218
13274	-9.171
13304	-9.213
13334	-9.241
13366	-9.32
13398	-9.294
13430	-9.276
13463	-9.198
13497	-8.896
13532	-9.192
13567	-9.118
13603	-9.487
13640	-9.426
13678	-9.162
13716	-9.351
13755	-9.778
13795	-9.807
13835	-9.759
13876	-9.697
13918	-9.547
13961	-9.504
14005	-9.386
14049	-9.103
14095	-9.118
14141	-9.196
14188	-9.064
14236	-8.926
14285	-8.819
14334	-8.977
14385	-8.976
14436	-8.738
14489	-9.169
14542	-9.36
14596	-9.4
14651	-9.486
14707	-9.416
14764	-9.438
14822	-9.538
14881	-9.595
14941	-9.572
15002	-9.87
15064	-10.289
15127	-10.713
15192	-11.019
15257	-11.053
15323	-11.083
15390	-11.225
15458	-11.474
15528	-11.349
15598	-11.252
15670	-11.168
15743	-11.232
15817	-11.256
15892	-11.234
15968	-11.265
16045	-11.364
16124	-11.335
16203	-11.313
16284	-11.254
16366	-11.292
16449	-11.413
16534	-11.372
16620	-11.408
16706	-11.357
16795	-11.397
16884	-11.39
16975	-11.37
17067	-11.455
17160	-11.368
17255	-11.401
17351	-11.327
17448	-11.48
17546	-11.612
17850	-11.643
17954	-11.649
18059	-11.612
18166	-11.511
18274	-11.446
18384	-11.505
18495	-11.489
18607	-11.65
18721	-11.721
18837	-11.728
18953	-11.759
19072	-11.734
19191	-11.729
19313	-11.698
19435	-11.659
19560	-11.393
19686	-11.768
19942	-11.891
20072	-11.935
20204	-11.996
20338	-11.981
20473	-11.838
20610	-11.829
20748	-11.979
20888	-12.041
21030	-12.071
21173	-12.156
21318	-12.205
21464	-12.264
21613	-12.36
21763	-12.395
21914	-12.401
22068	-12.484
22223	-12.527
22538	-12.114
22698	-12.052
22860	-12.046
23024	-11.844
23189	-11.99
23356	-12.226
23526	-12.137
23696	-12.081
24000	
25000	
26000	
27000	
28000	
29000	
29839	-11.747
29887	-11.737
29935	-11.812
29983	-11.726
30031	-11.659
30080	-11.606
30128	-11.508
30176	-11.384
30224	-11.296
30272	-11.28
30320	-11.263
30368	-11.248
30416	-11.227
30465	-11.184
30511	-11.282
30557	-11.403
30607	-11.487
30658	-11.479
30704	-11.497
30750	-11.322
30800	-11.281
30849	-11.346
30898	-11.454
30944	-11.509
30990	-11.435
31040	-11.455
31137	-11.387
31183	-11.288
31232	-11.162
31281	-11.189
31329	-11.212
31377	-11.262
31425	-11.166
31473	-11.141
31521	-11.162
31571	-11.276
31617	-11.316
31665	-11.395
31714	-11.371
31763	-11.183
31811	-11.071
31857	-10.97
31907	-10.941
31955	-10.891
32003	-11.016
32052	-10.775
32100	-10.683
32149	-10.735
32197	-10.755
32247	-10.74
32293	-10.761
32341	-10.596
32391	-10.492
32439	-10.57
32488	-10.675
32535	-10.754
32584	-10.912
32632	-11.175
32680	-11.31
32730	-11.296
32779	-11.151
32827	-11.022
32875	-10.935
32924	-10.799
32971	-10.818
33020	-10.764
33067	-10.538
33115	-10.509
33164	-10.423
33210	-10.391
33258	-10.321
33306	-10.295
33352	-10.213
33400	-10.196
33446	-10.18
33493	-10.52
33540	-10.886
33586	-11.162
33631	-11.212
33677	-11.029
33723	-10.831
33768	-10.733
33814	-10.905
33857	-11.083
33903	-11.167
33943	-11.185
33991	-11.177
34037	-11.124
34080	-11.105
34125	-11.136
34169	-11.144
34213	-11.154
34256	-11.177
34299	-11.282
34343	-11.325
34386	-11.341
34430	-11.404
34471	-11.263
34515	-11.3
34557	-11.274
34600	-11.027
34643	-10.646
34685	-10.567
34727	-10.419
34769	-10.055
34812	-10.036
34853	-10.12
34895	-10.137
34937	-10.077
34978	-9.674
35021	-9.858
35061	-9.708
35102	-9.689
35144	-9.746
35185	-9.88
35226	-9.89
35266	-10.167
35307	-10.085
35348	-10.125
35387	-10.071
35428	-10.057
35468	-10.126
35509	-10.196
35545	-10.233
35589	-10.245
35626	-10.246
35666	-10.421
35706	-10.467
35745	-10.541
35784	-10.704
35822	-10.8
35861	-11.018
35899	-11.172
35937	-11.466
36089	-11.81
36126	-11.792
36162	-11.669
36199	-11.644
36235	-11.509
36272	-11.419
36309	-11.353
36345	-11.421
36381	-11.409
36416	-11.44
36452	-11.458
36487	-11.393
36522	-11.398
36557	-11.357
36626	-11.224
36659	-11.409
36693	-11.399
36727	-11.336
36760	-11.202
36794	-11.326
36826	-11.349
36859	-11.299
36891	-11.252
36924	-11.209
36956	-11.158
36987	-11.14
37019	-11.063
37051	-11.037
37083	-11.167
37113	-11.28
37144	-11.312
37174	-11.342
37204	-11.162
37235	-10.856
37265	-10.804
37294	-10.793
37324	-10.672
37354	-10.686
37383	-10.655
37412	-10.655
37442	-10.565
37471	-10.608
37500	-10.596
37527	-10.701
37555	-10.746
37583	-10.74
37612	-10.374
37640	-10.289
37695	-9.974
37722	-9.949
37749	-9.98
37776	-10
37803	-10.279
37830	-10.551
37857	-10.547
37884	-10.424
37909	-10.374
37936	-10.315
37962	-10.276
37989	-10.18
38015	-10.31
38040	-10.316
38065	-10.301
38092	-10.495
38117	-10.569
38142	-10.707
38167	-10.746
38192	-10.587
38217	-10.593
38243	-10.373
38267	-10.432
38292	-10.436
38317	-10.394
38341	-10.397
38390	-10.475
38414	-10.47
38439	-10.373
38463	-10.409
38487	-10.482
38511	-10.735
38535	-10.913
38560	-10.902
38583	-10.847
38606	-10.834
38630	-10.837
38654	-10.89
38678	-10.837
38701	-10.792
38724	-10.748
38748	-10.694
38772	-10.717
38795	-10.684
38819	-11.012
38842	-11.062
38866	-11.199
38889	-11.149
38913	-11.242
38936	-11.308
38959	-11.375
38983	-11.322
39007	-11.242
39030	-11.093
39053	-11.061
39078	-10.94
39101	-10.795
39125	-10.785
39148	-10.994
39171	-11.176
39195	-11.283
39218	-11.284
39242	-11.472
39264	-11.621
39287	-11.722
39310	-11.799
39333	-11.783
39356	-11.814
39378	-11.827
39400	-11.821
39422	-11.861
39444	-11.342
39465	-11.688
39487	-11.715
39508	-11.722
39529	-11.649
39550	-11.512
39570	-11.403
39590	-11.26
39610	-11.299
39630	-11.347
39650	-11.468
39669	-11.676
39688	-11.58
39706	-12.054
39722	-11.863
39743	-11.851
39760	-11.718
39778	-11.662
39795	-11.763
39812	-11.791
39828	-11.767
39844	-11.82
39861	-11.815
39892	-11.642
39906	-11.641
39921	-11.602
39935	-11.649
39949	-11.585
39962	-11.444
39976	-11.333
39989	-11.334
40002	-11.396
40014	-11.513
40027	-11.583
40039	-11.723
40052	-11.679
40064	-11.67
40075	-11.63
40087	-11.639
40099	-11.828
40110	-11.739
40122	-11.887
40133	-11.88
40145	-11.918
40157	-11.953
40168	-11.918
40179	-12.021
40190	-11.962
40201	-11.965
40212	-11.925
40224	-11.692
40236	-11.504
40247	-11.493
40259	-11.4
40270	-11.223
40282	-11.279
40294	-11.142
40306	-11.078
40317	-11.13
40329	-11.087
40341	-11.246
40353	-11.445
40366	-11.503
40378	-11.511
40390	-11.442
40402	-11.397
40414	-11.555
40427	-11.353
40439	-11.414
40451	-11.345
40464	-11.34
40476	-11.372
40489	-11.356
40502	-11.386
40514	-11.455
40527	-11.449
40539	-11.58
40551	-11.626
40564	-11.75
40577	-11.711
40589	-11.738
40602	-11.668
40615	-11.623
40628	-11.671
40640	-11.67
40653	-11.641
40665	-11.706
40678	-11.777
40690	-11.75
40703	-11.814
40715	-11.825
40727	-11.944
40740	-12.037
40753	-11.974
40765	-11.852
40777	-11.876
40789	-11.799
40802	-11.671
40815	-11.549
40827	-11.487
40840	-11.457
40853	-11.526
40866	-11.667
40878	-11.697
40891	-11.754
40904	-11.798
40917	-11.816
40930	-11.837
40943	-11.743
40957	-11.695
40970	-11.577
40984	-11.488
40997	-11.696
41011	-11.435
41025	-11.236
41039	-11.344
41053	-11.173
41067	-11.357
41081	-11.564
41095	-11.603
41110	-11.534
41124	-11.555
41139	-11.487
41154	-11.415
41169	-11.655
41184	-11.793
41199	-11.863
41214	-11.783
41229	-11.948
41244	-11.92
41260	-11.849
41275	-11.926
41291	-11.815
41323	-11.585
41339	-11.418
41356	-11.387
41372	-11.27
41388	-11.155
41405	-11.109
41422	-11.006
41439	-11.083
41457	-11.053
41474	-11.123
41492	-11.182
41510	-11.118
41529	-11.1
41546	-11.137
41565	-11.204
41585	-11.108
41604	-11.096
41624	-10.965
41643	-10.928
41663	-10.942
41684	-10.947
41704	-10.996
41725	-11.041
41746	-10.887
41768	-10.854
41790	-10.8
41812	-10.736
41835	-10.706
41859	-10.614
41882	-10.623
41906	-10.559
41930	-10.615
41954	-10.682
41978	-10.658
42003	-10.793
42029	-10.766
42055	-10.65
42081	-10.704
42107	-10.746
42134	-10.772
42188	-10.751
42215	-10.695
42243	-10.736
42271	-10.665
42300	-10.707
42329	-10.726
42358	-10.679
42387	-10.838
42416	-10.847
42446	-10.981
42475	-11.168
42505	-11.147
42536	-11.15
42567	-11.191
42597	-11.213
42628	-11.363
42659	-11.421
42690	-11.405
42721	-11.377
42815	-11.785
42847	-11.853
42879	-11.813
42911	-11.826
42944	-11.832
43007	-11.811
43040	-11.636
43072	-11.635
43105	-11.664
43138	-11.667
43170	-11.572
43202	-11.672
43235	-11.649
43267	-11.571
43300	-11.4
43332	-11.204
43364	-10.925
43396	-10.77
43428	-10.737
43460	-10.642
43492	-10.675
43525	-10.672
43556	-10.781
43588	-10.821
43619	-10.872
43651	-10.837
43682	-10.701
43744	-10.744
43774	-10.923
43806	-11.123
43836	-11.252
43866	-11.315
43896	-11.486
43925	-11.584
43961	-11.71
43984	-11.753
44013	-11.74
44042	-11.723
44070	-11.632
44098	-11.673
44126	-11.65
44155	-11.624
44182	-11.539
44210	-11.568
44238	-11.52
44264	-11.524
44292	-11.381
44319	-11.352
44346	-11.283
44372	-11.227
44398	-11.178
44427	-11.138
44452	-11.008
44478	-11.045
44505	-11.051
44530	-11.035
44555	-10.922
44579	-10.842
44604	-10.861
44629	-10.763
44653	-10.807
44677	-10.832
44701	-10.768
44724	-10.773
44747	-10.673
44770	-10.561
44794	-10.558
44816	-10.342
44839	-10.344
44857	-10.227
44905	-10.229
44927	-10.138
44950	-10.152
44971	-10.194
44991	-10.1
45013	-10.216
45034	-10.212
45054	-10.311
45075	-10.384
45095	-10.624
45115	-10.82
45134	-10.914
45154	-10.865
45173	-11.104
45193	-11.213
45212	-11.181
45231	-11.154
45249	-11.115
45268	-11.017
45286	-10.933
45304	-10.94
45322	-10.965
45341	-10.923
45357	-10.9
45375	-11.065
45393	-10.942
45410	-10.938
45426	-10.889
45443	-10.869
45460	-10.802
45477	-10.816
45492	-10.692
45508	-10.75
45525	-10.651
45541	-10.713
45556	-10.58
45571	-10.508
45587	-10.483
45602	-10.408
45617	-10.451
45632	-10.366
45648	-10.472
45661	-10.432
45676	-10.584
45691	-10.605
45704	-10.654
45719	-10.795
45733	-10.677
45747	-10.814
45761	-10.705
45774	-10.697
45787	-10.643
45801	-10.621
45814	-10.431
45827	-10.399
45840	-10.424
45853	-10.541
45866	-10.559
45879	-10.453
45891	-10.475
45903	-10.499
45915	-10.529
45927	-10.519
45940	-10.589
45952	-10.753
45963	-10.781
45975	-10.802
45987	-10.889
45999	-10.812
46010	-10.85
46021	-10.998
46032	-10.862
46044	-10.955
46054	-10.868
46066	-10.818
46076	-10.81
46087	-10.833
46097	-10.769
46108	-10.721
46119	-10.604
46129	-10.498
46139	-10.428
46149	-10.257
46160	-10.22
46169	-10.151
46179	-10.2
46189	-10.052
46198	-10.173
46207	-10.167
46216	-10.167
46225	-10.054
46243	-10.137
46260	-10.567
46269	-10.553
46278	-10.658
46287	-10.799
46295	-10.848
46304	-10.787
46313	-10.603
46321	-10.425
46330	-10.266
46339	-10.122
46348	-10.302
46358	-10.138
46365	-10.044
46374	-10.016
46382	-10.137
46390	-10.178
46398	-10.27
46407	-10.297
46416	-10.168
46424	-10.434
46432	-10.487
46440	-10.589
46448	-10.492
46457	-10.549
46465	-10.564
46473	-10.563
46482	-10.649
46499	-10.679
46507	-10.574
46515	-10.661
46523	-10.689
46531	-10.776
46540	-10.869
46548	-11.039
46556	-11.172
46564	-11.266
46572	-11.388
46580	-11.204
46588	-11.524
46596	-11.496
46604	-11.582
46612	-11.532
46620	-11.548
46629	-11.547
46637	-11.647
46645	-11.608
46653	-11.632
46661	-11.691
46669	-11.581
46677	-11.699
46686	-11.514
46694	-11.441
46702	-11.514
46710	-11.491
46719	-11.428
46727	-11.571
46736	-11.572
46744	-11.578
46753	-11.554
46761	-11.491
46770	-11.489
46778	-11.312
46787	-11.234
46796	-11.291
46832	-11.154
46842	-11.144
46851	-11.232
46861	-11.209
46870	-11.123
46880	-11.222
46889	-11.243
46899	-11.353
46909	-11.355
46919	-11.384
46928	-11.506
46939	-11.551
46948	-11.687
46958	-11.716
46969	-11.751
46979	-11.75
46989	-11.749
47000	-11.719
47010	-11.674
47020	-11.701
47031	-11.757
47042	-11.702
47052	-11.622
47063	-11.668
47073	-11.731
47084	-11.836
47095	-11.78
47105	-11.818
47116	-11.873
47127	-11.786
47137	-11.854
47148	-12.077
47159	-12.078
47169	-12.067
47180	-12.053
47191	-11.998
47213	-11.321
47224	-11.33
47236	-11.427
47248	-11.337
47260	-11.499
47296	-11.393
47333	-11.323
47361	-11.547
47388	-11.806
47402	-11.776
47417	-11.417
47432	-11.296
47447	-11.311
47462	-11.245
47478	-11.309
47494	-11.324
47510	-11.323
47544	-11.192
47561	-11.215
47579	-11.18
47598	-11.157
47615	-11.404
47634	-11.509
47654	-11.222
47673	-11.163
47693	-11.384
47712	-11.249
47733	-11.274
47776	-11.257
47798	-11.235
47842	-10.764
47865	-10.699
47889	-10.652
47912	-10.736
47936	-10.72
47961	-10.642
47986	-10.708
48012	-10.685
48036	-10.731
48064	-10.784
48090	-10.713
48117	-10.692
48145	-10.785
48173	-10.831
48201	-10.8
48230	-10.766
48260	-10.638
48288	-10.646
48319	-10.528
48349	-10.663
48411	-10.68
48441	-10.898
48473	-10.9
48505	-11.055
48537	-11.01
48571	-10.984
48637	-10.901
48670	-10.946
48705	-11.014
48737	-11.041
48772	-10.927
48806	-11.025
48841	-10.978
48876	-11.031
48910	-11.156
48945	-11.046
48981	-11.05
49016	-11.002
49052	-11.038
49087	-11.041
49122	-11.179
49158	-11.236
49193	-11.135
49228	-10.901
49264	-10.919
49299	-10.881
49334	-10.768
49369	-10.728
49403	-10.706
49439	-10.693
49473	-10.771
49507	-10.715
49542	-10.725
49576	-10.804
49610	-10.858
49644	-10.964
49677	-10.96
49711	-10.871
49744	-10.694
49777	-10.527
49810	-10.5
49843	-10.333
49874	-10.279
49907	-10.261
49937	-10.295
49969	-10.259
50001	-10.181
50035	-10.165
50063	-10.139
50094	-10.153
50124	-10.348
50154	-10.41
50184	-10.387
50214	-10.263
50244	-10.096
50273	-10.032
50301	-9.975
50330	-10.02
50358	-10.189
50386	-10.177
50415	-10.242
50441	-10.11
50469	-10.016
50497	-9.995
50579	-9.886
50604	-9.893
50631	-9.862
50657	-9.87
50682	-9.857
50708	-9.733
50733	-9.862
50758	-9.728
50783	-9.92
50807	-9.973
50832	-9.891
50856	-9.69
50880	-9.618
50904	-9.41
50927	-9.281
50951	-9.2
50973	-9.189
50996	-9.204
51018	-9.303
51040	-9.501
51062	-9.624
51084	-9.686
51105	-9.618
51126	-9.682
51146	-9.482
51167	-9.566
51187	-9.557
51207	-9.599
51227	-9.614
51247	-9.767
51266	-9.943
51285	-10.144
51302	-10.193
51321	-10.192
51339	-10.137
51356	-10.018
51374	-9.887
51390	-9.711
51407	-9.646
51423	-9.494
51439	-9.41
51454	-9.413
51469	-9.272
51484	-9.391
51499	-9.426
51514	-9.351
51527	-9.348
51542	-9.365
51555	-9.326
51569	-9.432
51582	-9.45
51594	-9.564
51607	-9.458
51620	-9.453
51633	-9.318
51645	-9.226
51657	-9.071
51670	-8.904
51682	-8.925
51695	-8.765
51706	-8.748
51719	-8.801
51731	-8.75
51755	-8.903
51766	-8.891
51779	-8.976
51791	-9.033
51804	-9.07
51816	-9.111
51828	-9.171
51841	-9.253
51854	-9.247
51866	-9.252
51879	-9.192
51892	-9.108
51906	-9.035
51918	-8.893
51932	-8.778
51945	-8.817
51959	-8.732
51973	-8.925
51986	-9.04
52000	-9.06
52014	-9.092
52028	-8.892
52042	-8.917
52057	-8.934
52071	-8.94
52085	-8.893
52100	-8.85
52114	-8.821
52129	-8.815
52143	-8.917
52158	-8.864
52173	-8.859
52188	-9.269
52203	-9.077
52218	-8.77
52233	-8.784
52248	-8.8
52264	-9.044
52278	-8.935
52294	-8.86
52309	-8.837
52324	-8.88
52340	-8.614
52355	-9.061
52371	-9.242
52387	-9.2
52403	-9.268
52417	-9.373
52432	-9.36
52448	-9.367
52465	-9.285
52481	-9.296
52496	-9.405
52512	-9.442
52528	-9.37
52543	-9.275
52559	-9.261
52574	-9.219
52591	-9.159
52607	-9.241
52623	-9.331
52638	-9.467
52670	-9.531
52685	-9.517
52701	-9.44
52717	-9.342
52733	-9.199
52749	-9.153
52765	-9.156
52780	-9.156
52796	-9.132
52812	-9.101
52828	-9.064
52844	-9.094
52860	-9.023
52875	-9.177
52891	-9.339
52907	-9.588
52923	-9.934
52939	-10.277
52955	-10.543
52970	-10.632
52986	-10.722
53002	-10.763
53018	-10.764
53034	-10.77
53050	-10.685
53065	-10.674
53081	-10.559
53097	-10.529
53113	-10.419
53129	-10.431
53145	-10.347
53176	-10.282
53192	-10.219
53224	-10.125
53240	-10.168
53255	-10.199
53287	-10.39
53303	-10.444
53319	-10.479
53335	-10.61
