Percentile	Sample_Name	PercentSnow	Age_yr
0.025	C2-Boulder1	0	12963
0.159	C2-Boulder1	0	13855
0.5	C2-Boulder1	0	14791
0.841	C2-Boulder1	0	15738
0.975	C2-Boulder1	0	16663
0.025	C2-Boulder2	0	12096
0.159	C2-Boulder2	0	12977
0.5	C2-Boulder2	0	13902
0.841	C2-Boulder2	0	14841
0.975	C2-Boulder2	0	15760
0.025	LoLy-11-08	0	12571
0.159	LoLy-11-08	0	13490
0.5	LoLy-11-08	0	14452
0.841	LoLy-11-08	0	15424
0.975	LoLy-11-08	0	16372
0.025	LyCy-1	0	10182
0.159	LyCy-1	0	10752
0.5	LyCy-1	0	11538
0.841	LyCy-1	0	12371
0.975	LyCy-1	0	13187
0.025	LyCy-3	0	12577
0.159	LyCy-3	0	13615
0.5	LyCy-3	0	14695
0.841	LyCy-3	0	15777
0.975	LyCy-3	0	16820
0.025	LyCy-4	0	11405
0.159	LyCy-4	0	12442
0.5	LyCy-4	0	13529
0.841	LyCy-4	0	14620
0.975	LyCy-4	0	15673
0.025	LyCy-5	0	12955
0.159	LyCy-5	0	13934
0.5	LyCy-5	0	14953
0.841	LyCy-5	0	15975
0.975	LyCy-5	0	16962
0.025	TM14-01	0	12295
0.159	TM14-01	0	13139
0.5	TM14-01	0	14019
0.841	TM14-01	0	14903
0.975	TM14-01	0	15758
0.025	TM14-02	0	12022
0.159	TM14-02	0	12854
0.5	TM14-02	0	13724
0.841	TM14-02	0	14600
0.975	TM14-02	0	15449
0.025	TM14-03	0	12848
0.159	TM14-03	0	13747
0.5	TM14-03	0	14686
0.841	TM14-03	0	15628
0.975	TM14-03	0	16540
0.025	TM14-04	0	11567
0.159	TM14-04	0	12357
0.5	TM14-04	0	13182
0.841	TM14-04	0	14011
0.975	TM14-04	0	14812
0.025	TM14-05	0	11308
0.159	TM14-05	0	12120
0.5	TM14-05	0	12970
0.841	TM14-05	0	13825
0.975	TM14-05	0	14653
0.025	TM14-06	0	12148
0.159	TM14-06	0	13001
0.5	TM14-06	0	13896
0.841	TM14-06	0	14802
0.975	TM14-06	0	15688
0.025	TM14-07	0	13681
0.159	TM14-07	0	14637
0.5	TM14-07	0	15638
0.841	TM14-07	0	16651
0.975	TM14-07	0	17641
0.025	TM14-11	0	11380
0.159	TM14-11	0	12188
0.5	TM14-11	0	13036
0.841	TM14-11	0	13896
0.975	TM14-11	0	14734
0.025	TM14-12	0	13305
0.159	TM14-12	0	14230
0.5	TM14-12	0	15196
0.841	TM14-12	0	16170
0.975	TM14-12	0	17117
0.025	TM14-13	0	18365
0.159	TM14-13	0	19681
0.5	TM14-13	0	21062
0.841	TM14-13	0	22466
0.975	TM14-13	0	23846
0.025	TM14-15	0	12621
0.159	TM14-15	0	13477
0.5	TM14-15	0	14368
0.841	TM14-15	0	15262
0.975	TM14-15	0	16124
0.025	TM14-16	0	11297
0.159	TM14-16	0	12083
0.5	TM14-16	0	12905
0.841	TM14-16	0	13732
0.975	TM14-16	0	14534
0.025	TM14-17	0	12330
0.159	TM14-17	0	13172
0.5	TM14-17	0	14049
0.841	TM14-17	0	14927
0.975	TM14-17	0	15776
0.025	TM14-18	0	13027
0.159	TM14-18	0	13914
0.5	TM14-18	0	14836
0.841	TM14-18	0	15762
0.975	TM14-18	0	16655
0.025	UpLy-12-10	0	11433
0.159	UpLy-12-10	0	12236
0.5	UpLy-12-10	0	13081
0.841	UpLy-12-10	0	13937
0.975	UpLy-12-10	0	14773
0.025	C2-Boulder1	100	13238
0.159	C2-Boulder1	100	14161
0.5	C2-Boulder1	100	15130
0.841	C2-Boulder1	100	16112
0.975	C2-Boulder1	100	17071
0.025	C2-Boulder2	100	13343
0.159	C2-Boulder2	100	14333
0.5	C2-Boulder2	100	15377
0.841	C2-Boulder2	100	16442
0.975	C2-Boulder2	100	17497
0.025	LoLy-11-08	100	12577
0.159	LoLy-11-08	100	13499
0.5	LoLy-11-08	100	14465
0.841	LoLy-11-08	100	15442
0.975	LoLy-11-08	100	16396
0.025	LyCy-1	100	12222
0.159	LyCy-1	100	13270
0.5	LyCy-1	100	14376
0.841	LyCy-1	100	15502
0.975	LyCy-1	100	16608
0.025	LyCy-3	100	14896
0.159	LyCy-3	100	16162
0.5	LyCy-3	100	17493
0.841	LyCy-3	100	18845
0.975	LyCy-3	100	20170
0.025	LyCy-4	100	13495
0.159	LyCy-4	100	14762
0.5	LyCy-4	100	16094
0.841	LyCy-4	100	17447
0.975	LyCy-4	100	18773
0.025	LyCy-5	100	15029
0.159	LyCy-5	100	16200
0.5	LyCy-5	100	17434
0.841	LyCy-5	100	18687
0.975	LyCy-5	100	19916
0.025	TM14-01	100	13794
0.159	TM14-01	100	14773
0.5	TM14-01	100	15806
0.841	TM14-01	100	16860
0.975	TM14-01	100	17899
0.025	TM14-02	100	12590
0.159	TM14-02	100	13479
0.5	TM14-02	100	14413
0.841	TM14-02	100	15357
0.975	TM14-02	100	16276
0.025	TM14-03	100	12866
0.159	TM14-03	100	13769
0.5	TM14-03	100	14711
0.841	TM14-03	100	15657
0.975	TM14-03	100	16574
0.025	TM14-04	100	12475
0.159	TM14-04	100	13351
0.5	TM14-04	100	14271
0.841	TM14-04	100	15201
0.975	TM14-04	100	16106
0.025	TM14-05	100	12208
0.159	TM14-05	100	13105
0.5	TM14-05	100	14048
0.841	TM14-05	100	15006
0.975	TM14-05	100	15942
0.025	TM14-06	100	12562
0.159	TM14-06	100	13460
0.5	TM14-06	100	14406
0.841	TM14-06	100	15366
0.975	TM14-06	100	16307
0.025	TM14-07	100	14187
0.159	TM14-07	100	15198
0.5	TM14-07	100	16264
0.841	TM14-07	100	17349
0.975	TM14-07	100	18416
0.025	TM14-11	100	12505
0.159	TM14-11	100	13421
0.5	TM14-11	100	14389
0.841	TM14-11	100	15377
0.975	TM14-11	100	16350
0.025	TM14-12	100	13595
0.159	TM14-12	100	14551
0.5	TM14-12	100	15554
0.841	TM14-12	100	16571
0.975	TM14-12	100	17567
0.025	TM14-13	100	19848
0.159	TM14-13	100	21308
0.5	TM14-13	100	22855
0.841	TM14-13	100	24442
0.975	TM14-13	100	26021
0.025	TM14-15	100	13389
0.159	TM14-15	100	14315
0.5	TM14-15	100	15285
0.841	TM14-15	100	16264
0.975	TM14-15	100	17216
0.025	TM14-16	100	12119
0.159	TM14-16	100	12985
0.5	TM14-16	100	13897
0.841	TM14-16	100	14824
0.975	TM14-16	100	15731
0.025	TM14-17	100	13234
0.159	TM14-17	100	14157
0.5	TM14-17	100	15123
0.841	TM14-17	100	16097
0.975	TM14-17	100	17044
0.025	TM14-18	100	13302
0.159	TM14-18	100	14219
0.5	TM14-18	100	15178
0.841	TM14-18	100	16144
0.975	TM14-18	100	17082
0.025	UpLy-12-10	100	12627
0.159	UpLy-12-10	100	13533
0.5	UpLy-12-10	100	14493
0.841	UpLy-12-10	100	15475
0.975	UpLy-12-10	100	16442
