Core_Section	Interval_cm	ODPdepth_m	ODPage_ka	BehlDepth_m	BehlAge_ka	HendyDepth_m	HendyAge_yrs	pach.d18O	pach.d13C	bull.d18O	bull.d13C
893A 01H 1	55	0.56	0.28	0.56	0.28	0.56	303	0.267		-0.175	
893A 01H 1	105	1.06	0.556	1.06	0.561	1.06	430	0.338		-0.095	
893A 01H 2	5	1.55	0.828	1.55	0.834	1.55	794	0.471			
893A 01H 2	55	2.05	1.117	2.05	1.123	2.05	1090	0.642		-0.029	
893A 01H 2	105	2.55	1.41	2.55	1.422	2.55	1370	0.735		0.026	
893A 01H 3	5	3.06	1.713	3.06	1.719	3.06	1641	0.429		-0.003	
893A 01H 3	55	3.56	2.012	3.56	2.018	3.56	1901	0.535		-0.091	
893A 01H 4	5	4.56	2.625	4.56	2.631	4.56	2500	0.516		-0.118	
893A 01H 4	55	5.06	2.932	5.06	2.938	5.06	2810	0.404		-0.002	
893A 01H 4	105	5.56	3.24	5.56	3.246	5.56	3024	0.393			
893A 02H 1	55	7.08	4.168	7.08	4.186	7.83	4644	0.514		-0.148	
893A 02H 1	105	7.58	4.482	7.58	4.507	8.33	5057	0.646		-0.14	
893A 02H 2	5	8.1	4.803	8.1	4.835	8.85	5491	0.524		-0.207	
893A 02H 2	55	8.61	5.12	8.61	5.158	9.36	5917	0.391		0.03	
893A 02H 2	105	9.08	5.412	9.08	5.457	9.83	6303	0.516		-0.086	
893A 02H 3	5	9.57	5.718	9.57	5.763	10.32	6691	0.523		-0.116	
893A 02H 3	55	10	6.025	10	6.044	10.75	7032	0.301		-0.17	
893A 02H 3	105	10.46	6.345	10.46	6.332	11.21	7397	0.411		-0.014	
893A 02H 4	5	10.86	6.628	10.86	6.596	11.61	7714	0.493		-0.003	
893A 02H 4	55	11.32	6.911	11.32	6.886	12.07	8055	0.609		0.018	
893A 02H 4	105	11.75	7.183	11.75	7.17	12.5	8316	0.499		0.164	
893A 02H 5	5	12.27	7.506	12.27	7.506	13.02	8528	0.676		0.215	
893A 02H 5	55	12.72	7.785	12.72	7.792	13.47	8712	0.859		0.144	
893A 02H 6	5	13.57	8.325	13.57	8.351	14.32	9035	0.74		0.065	
893A 02H 6	55	14.02	8.618	14.02	8.645	14.77	9085	0.745		0.235	
893A 02H 6	105	14.51	8.939	14.51	8.965	15.26	9151	0.78		0.234	
893A 02H 7	5	15.01	9.266	15.01	9.292	15.76	9217	0.716		0.148	
893A 03H 1	12	16.12	10.022	16.11	10.009	18.36	10627	0.635	0.517	0.175	-1.245
893A 03H 1	19	16.19	10.068	16.18	10.055	18.43	10655	0.895	0.257	0.395	-1.221
893A 03H 1	23	16.23	10.094	16.22	10.081	18.47	10671	0.687	0.407	0.029	-0.875
893A 03H 1	30	16.3	10.141	16.29	10.127	18.54	10698	0.826	0.223	0.49	-1.104
893A 03H 1	36	16.36	10.18	16.35	10.167	18.6	10722			0.173	-1.115
893A 03H 1	43	16.43	10.226	16.41	10.213	18.66	10746	0.75	0.154	0.487	-1.016
893A 03H 1	51	16.48	10.259	16.46	10.246	18.71	10766	0.469	-0.39	0.067	-1.131
893A 03H 1	55	16.52	10.285	16.5	10.272	18.75	10781	0.707	0.354	0.359	-1.026
893A 03H 1	62	16.59	10.332	16.57	10.318	18.82	10809	0.766	0.35	0.275	-0.898
893A 03H 1	68	16.65	10.371	16.63	10.358	18.88	10834	0.772	0.293	0.263	-1.109
893A 03H 1	72	16.69	10.398	16.67	10.384	18.92	10852	0.795	0.434	-0.071	-1.187
893A 03H 1	80	16.77	10.45	16.75	10.43	19	10887			0.27	-1.489
893A 03H 1	93	16.9	10.536	16.88	10.516	19.13	10944	0.876	0.116	0.096	-1.366
893A 03H 1	104	17.01	10.609	16.99	10.589	19.24	10997	0.888	0.304	0.314	-0.934
893A 03H 1	112	17.09	10.661	17.07	10.642	19.32	11036	0.878	0.346	0.257	-0.606
893A 03H 1	117	17.14	10.694	17.11	10.675	19.36	11056	0.929	0.314	0.31	-0.881
893A 03H 1	121	17.18	10.721	17.15	10.701	19.4	11076	0.845	0.492	0.344	-0.771
893A 03H 1	128	17.25	10.767	17.22	10.747	19.47	11111	0.907	0.354	0.255	-0.315
893A 03H 1	133	17.3	10.801	17.27	10.78	19.52	11136	1.066	0.347	0.469	-0.7
893A 03H 1	143	17.4	10.867	17.37	10.847	19.62	11177	0.901	0.409	0.219	-0.565
893A 03H 2	4	17.51	10.939	17.48	10.913	19.73	11207	1.075	0.345	0.279	-1.204
893A 03H 2	18	17.65	11.032	17.62	11.005	19.87	11245	1.013	0.399	-0.055	-1.062
893A 03H 2	25	17.72	11.078	17.69	11.052	19.94	11271	1.008	0.325	0.01	-0.98
893A 03H 2	30	17.77	11.111	17.74	11.085	19.99	11296	1.282	0.247	0.576	-0.392
893A 03H 2	55	18.02	11.277	17.98	11.25	20.23	11418	1.55	0.138		
893A 03H 2	63	18.1	11.33	18.06	11.303	20.31	11458	1.45	0.369	-0.17	-1.273
893A 03H 2	68	18.15	11.363	18.11	11.337	20.36	11484	1.457	0.257	0.22	-1.301
893A 03H 2	76	18.23	11.416	18.19	11.383	20.44	11524	1.48	0.372		
893A 03H 2	88	18.35	11.496	18.31	11.463	20.56	11585	1.402	0.424	0.336	-1.177
893A 03H 2	36	17.83	11.151	17.8	11.125	20.05	11326	1.262	0.352	-0.005	-0.95
893A 03H 2	105	18.52	11.609	18.48	11.575	20.73	11672	1.373	0.137		
3H-02	135	18.82	11.808	18.77	11.775	21.02	11819	1.708	0.419		
3H-02	142	18.89	11.854	18.84	11.821	21.09	11865	1.511	0.47	1.404	-1.121
3H-02	148	18.95	11.894	18.9	11.861	21.15	11906	1.561	0.52	0.565	-1.171
893A 03H 3	5	19.01	11.934	18.96	11.901	21.21	11946	1.617	0.406		
3H-03	12	19.09	11.985	19.04	11.954	21.29	12001	1.523	0.597		
3H-03	19	19.16	12.034	19.11	12.001	21.36	12048	1.614	0.516	1.476	-1.116
3H-03	26	19.23	12.081	19.19	12.047	21.44	12102	1.673	0.524		
893A 03H 3	31	19.26	12.117	19.22	12.067	21.47	12122	1.788	0.396		
3H-03	38	19.35	12.161	19.31	12.127	21.56	12183	1.424	0.427		
3H-03	45	19.42	12.207	19.38	12.174	21.63	12230	1.383	0.267		
893A 03H 3	55	19.51	12.267	19.47	12.24	21.72	12291	1.718	-0.043		
3H-03	62	19.59	12.317	19.55	12.294	21.8	12345	1.938	-0.232		
3H-03	69	19.66	12.367	19.62	12.34	21.87	12392	1.761	0.218	0.268	-1.362
3H-03	77	19.72	12.409	19.69	12.38	21.94	12440	1.647	0.247	0.545	-1.544
3H-03	83	19.76	12.434	19.73	12.407	21.98	12467	1.628	0.459	0.022	-2.013
3H-03	90	19.83	12.478	19.8	12.453	22.05	12514	2.106	0.142	0.481	-1.963
893A 03H 3	101	19.93	12.547	19.9	12.52	22.15	12582	1.791	-0.116	0.925	-1.412
3H-03	119	20.11	12.667	20.08	12.647	22.33	12703	1.565	0.707	1.013	-1.241
3H-03	126	20.18	12.714	20.16	12.694	22.41	12764	1.655	0.441	0.909	-0.908
3H-03	133	20.25	12.761	20.23	12.74	22.48	12826	1.562	0.377	0.741	-1.245
3H-03	141	20.33	12.8136	20.31	12.794	22.56	12896	1.29	0.244	0.496	-1.805
893A 03H 4	5	20.46	12.9	20.44	12.887	22.69	13010	1.474	0.23	0.645	-1.397
3H-04	12	20.53	12.947	20.51	12.934	22.76	13072	1.322	0.307	0.459	-1.287
3H-04	26	20.67	13.041	20.65	13.027	22.9	13119	1.35	0.412	0.592	-1.501
3H-04	33	20.74	13.088	20.72	13.074	22.97	13139	1.273	0.179	0.861	-0.955
3H-04	40	20.81	13.134	20.79	13.121	23.04	13159	1.317	0.149	0.939	-0.673
3H-04	47	20.88	13.181	20.86	13.168	23.11	13180	1.457	0.186	0.742	-0.345
893A 03H 4	56	20.97	13.241	20.95	13.228	23.2	13206	1.112	0.162		
3H-04	61	21.02	13.275	21	13.261	23.25	13221	1.172	0.546	0.873	-0.758
3H-04	68	21.09	13.322	21.07	13.308	23.32	13241	1.215	0.552	0.943	-1.295
3H-04	75	21.16	13.368	21.15	13.355	23.4	13264	1.283	0.368	0.9	-0.935
3H-04	82	21.23	13.415	21.22	13.402	23.47	13285	1.418	0.324	1.248	-0.964
3H-04	89	21.3	13.462	21.29	13.449	23.54	13305	1.187	0.618	0.405	-1.139
3H-04	96	21.37	13.509	21.36	13.496	23.61	13326	1.021	0.437		
3H-04	103	21.44	13.556	21.43	13.542	23.68	13346	1.221	0.552	0.896	-1.144
3H-04	110	21.51	13.603	21.5	13.589	23.75	13367	1.113	0.522	0.86	-1.341
3H-04	117	21.58	13.65	21.57	13.636	23.82	13387	1.267	0.337	0.714	-1.24
3H-04	124	21.65	13.696	21.64	13.683	23.89	13407	1.369	0.329	0.937	-1.195
3H-04	131	21.72	13.743	21.71	13.73	23.96	13428	1.347	0.42	1.109	-1.174
3H-04	145	21.81	13.804	21.8	13.79	24.05	13454	1.45	0.346	0.948	-1.361
893A 03H 5	5	21.9	13.864	21.89	13.851	24.14	13480	1.373	-0.031	0.752	-1.503
3H-05	19	22.04	13.958	22.03	13.945	24.28	13542	1.369	0.475	0.618	-1.31
893A 03H 5	28	22.13	14.014	22.12	14.005	24.37	13589	1.313	0.34	0.557	-1.062
3H-05	33	22.18	14.052	22.17	14.038	24.42	13616	1.364	0.499	0.612	-0.929
3H-05	40	22.23	14.085	22.22	14.072	24.47	13642	1.407	0.373	0.892	-1.161
3H-05	47	22.3	14.133	22.29	14.119	24.54	13679	1.429	0.382	0.617	-1.071
893A 03H 5	53	22.36	14.164	22.35	14.159	24.6	13710	1.529	0.225	0.625	-0.84
3H-05	61	22.44	14.226	22.43	14.213	24.68	13752	1.362	0.28	0.678	-1.169
3H-05	67	22.48	14.253	22.47	14.24	24.72	13773	1.345	0.354	0.293	-1.6
3H-05	75	22.54	14.294	22.53	14.28	24.78	13804	1.255	0.579	0.251	-1.314
893A 03H 5	86	22.58	14.32	22.57	14.307	24.82	13825	1.531	0.165	0.713	-1.191
3H-05	96	22.68	14.388	22.67	14.374	24.92	13878	1.391	0.409	0.598	-1.382
3H-05	103	22.75	14.435	22.74	14.421	24.99	13915	1.662	0.307	0.938	-1.363
3H-05	106	22.78	14.455	22.77	14.441	25.02	13930	1.616	0.098	0.93	-1.06
3H-05	117	22.89	14.529	22.88	14.515	25.13	13988	1.427	0.491	0.596	-1.347
3H-05	124	22.96	14.576	22.95	14.562	25.2	14025	1.607	0.416	0.743	-0.795
3H-05	131	23.03	14.623	23.02	14.609	25.27	14062	1.708	0.263	0.694	-1.401
3H-05	138	23.1	14.67	23.09	14.656	25.34	14098	1.481	0.388	1.081	-1.226
3H-05	145	23.17	14.717	23.16	14.704	25.41	14135	1.431	0.382	0.483	-1.24
3H-06	0	23.21	14.744	23.2	14.73	25.45	14156	1.294	0.338	0.898	-1.608
893A 03H 6	7	23.29	14.791	23.28	14.784	25.53	14198	1.203	0.356	0.649	-1.346
3H-06	14	23.35	14.838	23.34	14.825	25.59	14229	1.401	0.344	0.917	-1.436
893A 03H 6	27	23.44	14.897	23.43	14.885	25.68	14277	1.33	0.442	0.554	-1.48
3H-06	35	23.51	14.946	23.49	14.932	25.74	14308	1.012	-0.01	0.72	-1.492
3H-06	42	23.58	14.993	23.56	14.98	25.81	14345	1.417	0.279	0.713	-1.396
3H-06	49	23.65	15.04	23.63	15.027	25.88	14381	1.357	0.469	0.63	-1.379
893A 03H 6	55	23.71	15.081	23.69	15.06	25.94	14413	1.197	0.188	0.568	-1.756
3H-06	63	23.79	15.134	23.77	15.114	26.02	14455	1.516	0.133	0.773	-1.653
3H-06	70	23.86	15.182	23.84	15.161	26.09	14492	1.679	0.162	0.723	-1.459
3H-06	77	23.93	15.229	23.91	15.209	26.16	14528	1.301	0.099		
893A 03H 6	84	24	15.28	23.97	15.256	26.22	14560	1.159	0.187	0.745	-1.369
3H-06	105	24.21	15.418	24.18	15.391	26.43	14694	1.729	-0.015	1.445	-1.472
3H-06	112	24.28	15.465	24.25	15.438	26.5	14751	1.968	0.072	0.944	-0.928
3H-06	119	24.35	15.512	24.32	15.485	26.57	14808	2.027	0.034	1.59	-1.017
3H-06	126	24.42	15.56	24.38	15.532	26.63	14858	2.342	0.071	1.688	-1.279
3H-06	133	24.49	15.607	24.45	15.58	26.7	14915	2.019	-0.022	2.009	-0.804
3H-06	137	24.53	15.634	24.49	15.606	26.74	14948	2.23	0.001	1.466	-1.113
3H-06	140	24.56	15.654	24.52	15.627	26.77	14972	2.081	0.065	1.7	-0.809
3H-06	147	24.63	15.701	24.59	15.674	26.84	15030	1.917	0.141	1.141	-1.423
893A 03H 7	5	24.7	15.748	24.66	15.721	26.91	15087	1.841	-0.125	1.781	-1.138
3H-07	12	24.77	15.796	24.73	15.769	26.98	15144	1.835	0.239	1.53	-1.059
3H-07	19	24.84	15.843	24.8	15.816	27.05	15202	1.963	0.212	1.73	-0.793
3H-07	33	24.98	15.937	24.94	15.91	27.19	15317	2.152	-0.017	0.977	-1.593
3H-07	40	25.05	15.985	25.01	15.958	27.26	15374	2.2	-0.036	1.09	-1.434
3H-07	47	25.12	16.032	25.09	16.005	27.34	15440	2.251	-0.001	1.558	-1.624
893A 03H 7	52	25.17	16.066	25.14	16.039	27.39	15480	2.21	0.041		
3H-07	53	25.18	16.072	25.15	16.046	27.4	15489	2.411	0.016	1.186	-1.234
3H-07	61	25.26	16.127	25.23	16.1	27.48	15554	2.406	0.011	1.671	-1.125
3H-07	68	25.33	16.174	25.3	16.147	27.55	15612	2.312	0.117		
3H-07	75	25.4	16.221	25.37	16.194	27.62	15669	2.235	0.068	1.631	-1.192
3H-07	79	25.44	16.248	25.41	16.221	27.66	15702	1.836	0.2	1.885	-1.164
4H-01	0	25.5	16.282	25.8	16.485	28.05	16602	2.283	0.118	2.164	-1.186
893A 04H 1	5	25.55	16.323	25.85	16.526	28.1	16621	2.641	-0.119	2.615	-0.66
4H-01	19	25.69	16.417	25.99	16.621	28.24	16675	2.605	0.161	2.93	-0.808
4H-01	26	25.76	16.465	26.07	16.668	28.32	16706	2.668	-0.005	2.737	-0.843
893A 04H 1	32	25.82	16.506	26.13	16.709	28.38	16729	2.241	-0.176	2.675	-0.929
4H-01	40	25.9	16.56	26.21	16.763	28.46	16760	2.683	0.127	3.065	-0.722
4H-01	47	25.97	16.607	26.28	16.817	28.53	16786	2.784	-0.059	2.682	-0.831
4H-01	54	26.04	16.655	26.35	16.865	28.6	16815	2.592	-0.171		
893A 04H 1	86	26.13	16.738	26.45	16.926	28.7	16856	2.552	-0.206	3.019	-0.794
4H-01	96	26.23	16.783	26.55	16.993	28.8	16898	2.735	-0.057	2.945	-0.636
893A 04H 1	105	26.32	16.844	26.64	17.055	28.89	16935	2.825	-0.23	2.707	-0.746
4H-01	110	26.37	16.878	26.69	17.095	28.94	16956	2.984	-0.18	2.804	-0.787
4H-01	117	26.44	16.926	26.76	17.143	29.01	16985	2.652	0.089	2.84	-0.783
4H-01	124	26.51	16.973	26.83	17.19	29.08	17014	2.804	-0.148	2.942	-0.776
4H-01	131	26.58	17.021	26.91	17.238	29.16	17047	2.621	-0.025	2.83	-0.853
4H-01	138	26.65	17.068	26.98	17.285	29.23	17076	2.776	-0.038	2.739	-0.907
4H-01	145	26.72	17.116	27.05	17.333	29.3	17106	2.849	-0.072	3.009	-0.881
4H-02	12	26.88	17.224	27.21	17.448	29.46	17164	2.865	-0.125	3.043	-0.664
4H-02	19	26.95	17.271	27.28	17.496	29.53	17185	2.698	-0.016	3.112	-1
4H-02	33	27.05	17.34	27.39	17.564	29.64	17217	2.79	-0.039	2.684	-1.014
4H-02	40	27.12	17.387	27.46	17.611	29.71	17238	2.939	-0.026	3.127	-0.662
4H-02	47	27.19	17.435	27.53	17.659	29.78	17259	2.802	-0.01	2.913	-0.731
893A 04H 2	55	27.25	17.475	27.59	17.706	29.84	17277	2.638	-0.228	2.771	-0.791
4H-02	61	27.31	17.516	27.65	17.747	29.9	17295	2.455	0.101	2.675	-0.743
4H-02	68	27.38	17.563	27.72	17.795	29.97	17316	2.744	-0.096	2.888	-0.886
4H-02	75	27.45	17.611	27.79	17.842	30.04	17337	2.735	-0.071	2.398	-1.099
4H-02	82	27.52	17.659	27.87	17.89	30.12	17361	2.83	-0.199	2.899	-0.69
4H-02	89	27.59	17.706	27.94	17.938	30.19	17381	2.814	0.025	3.151	-0.608
4H-02	96	27.66	17.754	28.01	17.985	30.26	17402	3.021	-0.072	3.527	-0.691
4H-02	103	27.73	17.802	28.08	18.04	30.33	17423	2.718	-0.119	2.963	-0.576
4H-02	110	27.8	17.849	28.15	18.087	30.4	17444	2.654	-0.079	2.815	-0.947
4H-02	117	27.87	17.897	28.22	18.135	30.47	17465	2.567	-0.141	2.95	-0.818
4H-02	131	27.97	17.965	28.33	18.203	30.58	17498	2.604	-0.21	2.755	-0.837
4H-02	138	28.04	18.012	28.4	18.251	30.65	17518	2.699	-0.09	2.628	-0.769
4H-02	145	28.11	18.06	28.47	18.298	30.72	17539	2.705	-0.058	2.608	-0.877
4H-03	0	28.16	18.094	28.52	18.332	30.77	17554	2.851	-0.085	2.835	-0.798
893A 04H 3	7	28.23	18.142	28.59	18.387	30.84	17575	2.684	-0.447	2.704	-0.702
4H-03	14	28.3	18.189	28.66	18.435	30.91	17596	2.597	-0.183	2.963	-0.676
4H-03	21	28.37	18.237	28.73	18.482	30.98	17617	2.755	-0.098	2.805	-0.851
4H-03	28	28.44	18.284	28.8	18.53	31.05	17638	2.647	-0.218	2.644	-0.717
4H-03	35	28.51	18.332	28.87	18.578	31.12	17658	2.523	-0.019	2.777	-0.877
4H-03	42	28.58	18.38	28.95	18.625	31.2	17682	2.602	0.11	3.224	-0.631
4H-03	49	28.65	18.428	29.02	18.673	31.27	17703	2.532	-0.024	2.723	-0.911
4H-03	63	28.79	18.523	29.16	18.768	31.41	17764	2.549	-0.157	2.405	-0.883
4H-03	77	28.91	18.608	29.28	18.857	31.53	17847	2.406	-0.058	2.561	-0.857
4H-03	84	28.98	18.652	29.35	18.905	31.6	17894	2.43	-0.079	2.516	-0.954
4H-03	91	29.05	18.7	29.42	18.953	31.67	17942	2.569	0.052	2.95	-0.657
893A 04H 3	106	29.16	18.775	29.53	19.028	31.78	18018	2.248	-0.159	2.567	-0.725
4H-03	112	29.21	18.812	29.58	19.062	31.83	18052	2.347	-0.119	2.425	-0.886
4H-03	119	29.272	18.851	29.65	19.103	31.9	18100	2.295	0.092	2.705	-0.936
4H-03	126	29.34	18.898	29.72	19.151	31.97	18148	2.734	-0.031	2.87	-0.646
4H-03	133	29.41	18.946	29.79	19.198	32.04	18196	2.537	0.031	2.643	-0.788
4H-03	140	29.48	18.994	29.86	19.246	32.11	18244	2.523	-0.066	2.634	-0.777
4H-03	147	29.55	19.041	29.93	19.294	32.18	18292	2.637	-0.047	2.553	-0.836
4H-04	5	29.63	19.096	30.01	19.355	32.26	18348	2.642	0.08	2.762	-0.541
4H-04	10	29.68	19.13	30.06	19.39	32.31	18391	2.45	0.293	2.821	-0.657
4H-04	17	29.75	19.178	30.14	19.437	32.39	18458	2.439	-0.129	3.128	-0.573
4H-04	24	29.82	19.226	30.21	19.485	32.46	18517	2.805	0.055	2.752	-0.505
4H-04	31	29.89	19.274	30.28	19.533	32.53	18576	2.609	0.023	2.919	-0.784
4H-04	38	29.96	19.321	30.35	19.588	32.6	18635	2.45	-0.064	2.274	-1.378
4H-04	45	30	19.349	30.39	19.615	32.64	18669	2.249	0.124	2.781	-0.965
4H-04	52	30.07	19.396	30.47	19.663	32.72	18736	2.315	0.19	2.339	-0.743
893A 04H 4	57	30.12	19.431	30.52	19.697	32.77	18778	2.38	-0.279	2.412	-0.615
4H-04	73	30.19	19.479	30.59	19.745	32.84	18837	2.348	0.06	2.366	-0.611
4H-04	80	30.26	19.526	30.66	19.8	32.91	18896	2.549	0.213	2.404	-0.974
4H-04	87	30.324	19.57	30.73	19.841	32.98	18955	2.43	0.116		
4H-04	101	30.44	19.649	30.85	19.923	33.1	19035	2.409	-0.152		
4H-04	108	30.496	19.687	30.91	19.964	33.16	19074	2.749	-0.069		
4H-04	115	30.56	19.732	30.97	20.012	33.22	19112	2.48	0.243	2.521	-0.75
4H-04	122	30.63	19.78	31.04	20.06	33.29	19156	2.464	0.097	2.743	-0.611
4H-04	143	30.75	19.861	31.17	20.142	33.42	19239	2.594	-0.109	2.445	-0.621
893A 04H 5	9	30.91	19.971	31.33	20.258	33.58	19340	2.546	-0.258		
4H-05	19	31.01	20.039	31.43	20.327	33.68	19404	2.546	-0.144	2.575	-0.787
4H-05	26	31.08	20.087	31.5	20.375	33.75	19448	2.51	-0.079	2.575	-0.787
4H-05	33	31.15	20.135	31.57	20.423	33.82	19492	2.569	-0.013	2.757	-0.726
4H-05	40	31.22	20.183	31.64	20.471	33.89	19537	2.262	0.105	2.575	-0.738
4H-05	47	31.29	20.231	31.71	20.519	33.96	19581	2.326	0.195	2.877	-0.621
4H-05	54	31.36	20.279	31.78	20.567	34.03	19626	2.593	-0.232	2.868	-0.698
4H-05	68	31.5	20.375	31.92	20.663	34.17	20349	2.299	0.19	2.357	-1.096
4H-05	89	31.65	20.478	32.08	20.765	34.33	20895	2.188	0.324	2.517	-1.03
4H-05	96	31.72	20.525	32.15	20.813	34.4	20940	2.54	0.021	2.184	-0.695
4H-05	103	31.79	20.573	32.22	20.862	34.47	20985	2.408	-0.024		
893A 04H 5	108	31.84	20.608	32.27	20.896	34.52	21017	2.788	-0.148		
4H-05	117	31.903	20.651	32.33	20.944	34.58	21056	2.487	0.042		
4H-05	124	31.97	20.697	32.4	20.985	34.65	21101	2.669	-0.083		
4H-05	131	32.04	20.745	32.47	21.033	34.72	21146	2.775	-0.036		
4H-05	138	32.11	20.793	32.54	21.081	34.79	21191	2.905	1.134	2.664	-0.754
4H-05	145	32.18	20.841	32.61	21.129	34.86	21236	2.62	0.049	3.339	0.081
4H-06	5	32.27	20.903	32.7	21.191	34.95	21294	2.471	0.036	2.657	-0.89
4H-06	12	32.34	20.951	32.76	21.239	35.01	21333	2.589	0.024	2.9	-0.712
4H-06	19	32.41	20.998	32.83	21.287	35.08	21378	2.552	0.121	2.729	-0.627
4H-06	26	32.48	21.047	32.9	21.328	35.15	21423	2.724	-0.094	2.964	-0.713
4H-06	33	32.55	21.095	32.97	21.376	35.22	21468	2.568	-0.01	2.969	-0.306
4H-06	40	32.62	21.143	33.03	21.424	35.28	21507	2.479	0.075	2.954	-0.539
4H-06	47	32.68	21.184	33.09	21.466	35.34	21545	2.435	0.132	2.976	-0.598
4H-06	54	32.75	21.232	33.16	21.507	35.41	21590	2.45	-0.02	2.591	-0.778
893A 04H 6	57	32.78	21.253	33.19	21.527	35.44	21610	2.532	-0.411	2.907	-0.588
4H-06	68	32.878	21.32	33.28	21.596	35.53	21667	2.732	-0.127	2.913	-0.688
4H-06	75	32.94	21.3625	33.34	21.631	35.59	21706	2.663	-0.155	2.951	-0.782
4H-06	82	33.01	21.4105	33.41	21.679	35.66	21751	2.788	-0.119	2.964	-0.675
4H-06	89	33.08	21.459	33.47	21.727	35.72	21790	2.71	0.052	2.753	-0.701
4H-06	96	33.15	21.507	33.54	21.775	35.79	21835	2.467	0.256	2.709	-0.591
4H-06	103	33.21	21.549	33.6	21.809	35.85	21873	2.316	0.318	2.712	-0.595
4H-06	110	33.27	21.589	33.66	21.851	35.91	21912	2.439	0.027	2.817	-0.677
4H-06	117	33.34	21.637	33.72	21.899	35.97	21951	2.4	-0.089	2.764	-0.83
4H-06	124	33.4	21.676	33.78	21.94	36.03	21989	2.325	0.158	2.781	-0.574
4H-06	138	33.52	21.761	33.9	22.016	36.15	22067	2.638	-0.04	2.867	-0.613
4H-06	145	33.59	21.809	33.96	22.064	36.21	22105	2.634	-0.181	2.975	-0.685
893A 04H 7	3	33.68	21.871	34.05	22.126	36.3	22163	2.66	-0.277	2.872	-0.602
4H-07	17	33.82	21.968	34.19	22.222	36.44	22253	2.472	0.166	2.85	-0.568
4H-07	24	33.89	22.016	34.26	22.27	36.51	22298	2.481	-0.124	2.895	-0.66
4H-07	31	33.96	22.064	34.33	22.319	36.58	22343	2.4	0.141	2.858	-0.456
4H-07	38	34.03	22.112	34.41	22.367	36.66	22395	2.596	0.097	3.039	-0.408
4H-07	45	34.1	22.16	34.48	22.415	36.73	22440	2.326	-0.123	2.922	-0.561
4H-07	52	34.17	22.209	34.55	22.463	36.8	22485	2.643	0.054	2.845	-0.513
4H-07	59	34.24	22.256	34.62	22.511	36.87	22530	2.154	0.403	2.887	-1.027
4H-07	66	34.27	22.277	34.65	22.532	36.9	22549	2.523	-0.047	2.932	-0.512
4H-07	75	34.34	22.326	34.72	22.58	36.97	22595	2.458	0.093	2.828	-0.639
4H-07	79	34.4	22.367	34.78	22.622	37.03	22633	2.459	-0.059	2.806	-0.676
4H-CC	5	34.46	22.405	34.81	22.642	37.06	22652	2.496	-0.032	2.727	-0.776
4H-CC	19	34.65	22.539	34.91	22.711	37.16	22717	2.649	-0.059	2.865	-0.64
5H-01	3	35.004	22.783	35.08	22.835	37.33	22826	2.364	0.012	2.77	-0.687
5H-01	24	35.24	22.945	35.33	23.001	37.58	22987	2.425	-0.048	2.728	-0.562
5H-01	31	35.31	22.994	35.4	23.056	37.65	23032	2.449	0.019	2.896	-0.533
5H-01	38	35.38	23.042	35.47	23.104	37.72	23077	2.588	0.179	3.018	-0.395
5H-01	45	35.45	23.091	35.55	23.153	37.8	23129	2.597	0.127	2.627	-0.706
5H-01	52	35.52	23.139	35.62	23.201	37.87	23174	2.42	0.125	2.97	-0.539
5H-01	59	35.59	23.187	35.69	23.256	37.94	23219	2.197	-0.261	2.627	-0.879
5H-01	66	35.66	23.236	35.76	23.304	38.01	23264	2.241	0.172	2.865	-0.666
5H-01	73	35.73	23.284	35.84	23.353	38.09	23316	2.143	0.362	2.152	-0.65
5H-01	80	35.8	23.332	35.91	23.401	38.16	23362	2.029	0.455	2.05	-0.699
5H-01	87	35.87	23.38	35.98	23.456	38.23	23408	2.271	0.202	2.24	-0.82
5H-01	94	35.94	23.429	36.05	23.505	38.3	23454	2.151	0.149	2.438	-0.976
893A 05H 1	105	36.01	23.477	36.13	23.553	38.38	23507	2.376	-0.162	2.76	-0.873
5H-01	119	36.08	23.525	36.2	23.601	38.45	23553	2.463	0.104	2.746	-0.756
5H-01	129	36.153	23.576	36.28	23.657	38.53	23606	1.915	0.252	2.603	-0.886
5H-01	136	36.22	23.622	36.35	23.705	38.6	23652	2.103	0.201	2.616	-0.763
5H-01	143	36.29	23.671	36.42	23.753	38.67	23699	2.171	0.055	2.436	-0.795
5H-02	0	36.365	23.722	36.5	23.809	38.75	23751	2.748	0.059	2.608	-0.752
5H-02	12	36.45	23.781	36.58	23.871	38.83	23804	2.413	0.238	2.657	-0.822
5H-02	19	36.496	23.813	36.63	23.905	38.88	23837	2.542	0.022	2.703	-0.951
5H-02	26	36.511	23.823	36.65	23.912	38.9	23851	2.493	-0.113	2.576	-0.882
5H-02	40	36.62	23.899	36.76	23.995	39.01	23923	2.737	-0.129	2.7	-0.785
5H-02	47	36.69	23.947	36.83	24.044	39.08	23969	2.507	-0.029	2.784	-0.657
5H-02	61	36.83	24.044	36.98	24.14	39.23	24069	2.572	0	2.757	-0.726
5H-02	68	36.9	24.092	37.05	24.196	39.3	24115	2.512	-0.108	2.7	-0.911
5H-02	75	36.97	24.14	37.12	24.244	39.37	24161	2.764	-0.268	2.687	-0.902
5H-02	82	37.04	24.189	37.2	24.293	39.45	24214	2.665	0.045	2.683	-0.715
5H-02	89	37.11	24.237	37.27	24.341	39.52	24260	2.541	0.035	2.794	-0.642
5H-02	96	37.18	24.286	37.34	24.396	39.59	24306	2.711	0.007	2.641	-0.859
5H-02	103	37.25	24.334	37.41	24.445	39.66	24353	2.696	0.147	2.808	-0.697
5H-02	110	37.32	24.383	37.49	24.493	39.74	24405	2.587	-0.045	2.749	-0.872
5H-02	117	37.39	24.431	37.56	24.542	39.81	24452	2.604	-0.111	2.83	-0.766
5H-02	124	37.46	24.48	37.63	24.597	39.88	24498	2.601	-0.064	2.692	-0.908
5H-02	138	37.6	24.576	37.78	24.694	40.03	24597	2.597	-0.073	2.696	-0.818
5H-02	145	37.67	24.625	37.85	24.743	40.1	24643	2.26	-0.416	2.544	-0.916
893A 05H 3	5	37.73	24.666	37.91	24.791	40.16	24683	2.652	-0.148	2.842	-0.86
5H-03	12	37.8	24.715	37.98	24.84	40.23	24729	2.528	-0.059	2.62	-0.892
5H-03	19	37.87	24.763	38.05	24.888	40.3	24775	2.176	0.172	2.368	-0.818
5H-03	26	37.94	24.812	38.13	24.936	40.38	24828	2.382	-0.101	2.793	-0.659
5H-03	33	38.01	24.861	38.2	24.985	40.45	24875	2.585	0.021	2.661	-0.684
5H-03	40	38.08	24.909	38.27	25.034	40.52	24921	2.274	-0.163	2.524	-0.753
5H-03	47	38.15	24.957	38.34	25.089	40.59	24967	2.375	0.187	2.544	-0.905
5H-03	54	38.22	25.006	38.41	25.137	40.66	25013	2.443	-0.059	2.608	-1.037
5H-03	61	38.29	25.054	38.48	25.186	40.73	25060	2.601	-0.03	2.665	-0.757
5H-03	68	38.36	25.103	38.55	25.235	40.8	25106	2.451	-0.069	2.699	-0.797
5H-03	75	38.412	25.139	38.61	25.269	40.86	25145	2.521	0.094	2.62	-0.781
5H-03	89	38.53	25.221	38.73	25.352	40.98	25225	2.343	0.015	2.803	-0.751
5H-03	96	38.57	25.248	38.77	25.38	41.02	25251	2.551	0.083	2.73	-0.76
5H-03	110	38.71	25.345	37.78	24.694	40.03	24597	2.215	0.033	1.995	-0.818
5H-03	117	38.766	25.384	37.85	24.743	40.1	24643	2.636	-0.028	2.279	-1.008
5H-03	124	38.83	25.429	37.91	24.791	40.16	24683	2.531	-0.092		
5H-03	131	38.9	25.477	37.98	24.84	40.23	24729	2.578	-0.042	2.621	-0.866
5H-03	138	38.97	25.526	38.05	24.888	40.3	24775	2.554	-0.131		
5H-03	145	39.057	25.586	38.13	24.936	40.38	24828	2.596	-0.123		
893A 05H 4	10	39.17	25.665	38.2	24.985	40.45	24875	2.659	-0.168	2.674	-0.899
893A 05H 4	17	39.21	25.689	38.27	25.034	40.52	24921	2.517	-0.288		
893A 05H 4	26	39.26	25.728	38.34	25.089	40.59	24967	2.686	-0.1	2.514	-1.112
893A 05H 4	34	39.33	25.775	39.55	25.921	41.8	25766	2.634	-0.118	2.666	-0.949
893A 05H 4	42	39.41	25.831	39.64	25.984	41.89	25826	2.677	-0.18	2.506	-1.249
893A 05H 4	49	39.48	25.88	39.71	26.033	41.96	25872	2.608	-0.117	2.626	-1.035
893A 05H 4	55	39.54	25.921	39.77	26.074	42.02	25912	2.402	-0.42		
893A 05H 4	62	39.61	25.97	39.84	26.123	42.09	25958	2.687	-0.139	2.595	-1.237
893A 05H 4	69	39.68	26.019	39.92	26.178	42.17	26011	2.694	-0.113	2.496	-1.156
893A 05H 4	76	39.75	26.067	39.99	26.227	42.24	26057	2.785	-0.123	2.566	-1.251
893A 05H 4	86	39.82	26.118	40.06	26.283	42.31	26103	2.51	-0.194	2.275	-1.327
893A 05H 4	95	39.9	26.172	40.15	26.338	42.4	26163	2.534	-0.203	2.498	-1.039
893A 05H 4	103	39.98	26.227	40.23	26.401	42.48	26216	2.443	-0.195	2.343	-1.357
893A 05H 4	109	40.04	26.269	40.29	26.442	42.54	26255	2.386	-0.013	2.392	-1.118
893A 05H 4	114	40.12	26.324	40.38	26.498	42.63	26315	2.257	-0.324	2.324	-1.023
893A 05H 4	121	40.16	26.351	40.42	26.526	42.67	26341	2.573	0.034		
893A 05H 4	129	40.22	26.395	40.48	26.575	42.73	26381	2.43	-0.097	2.502	-0.99
893A 05H 4	131	40.24	26.408	40.5	26.588	42.75	26394			2.64	-0.788
893A 05H 4	136	40.29	26.443	40.55	26.623	42.8	26427	2.492	-0.065	2.665	-0.82
893A 05H 4	143	40.35	26.485	40.62	26.665	42.87	26473	2.518	-0.075	2.526	-0.867
893A 05H 5	5	40.45	26.554	40.72	26.741	42.97	26539	2.311	-0.263	2.244	-0.969
893A 05H 5	12	40.52	26.602	40.79	26.79	43.04	26592	2.46	-0.023	2.585	-0.976
893A 05H 5	19	40.59	26.651	40.86	26.839	43.11	26638	2.454	-0.212	2.559	-0.881
893A 05H 5	26	40.66	26.7	40.94	26.888	43.19	26691	2.628	-0.239	2.188	-1.004
893A 05H 5	35	40.743	26.757	41.02	26.943	43.27	26744	2.036	0.081	2.328	-0.841
893A 05H 5	42	40.81	26.804	41.09	26.992	43.34	26790	2.414	0.031		
893A 05H 5	49	40.88	26.853	41.16	27.041	43.41	26837	2.384	-0.303	2.209	-0.885
893A 05H 5	56	40.95	26.901	41.23	27.096	43.48	26883	2.408	-0.159	2.329	-1.072
893A 05H 5	63	41.02	26.95	41.3	27.145	43.55	26929	2.276	0.028	2.464	-0.94
893A 05H 5	70	41.09	26.999	41.37	27.194	43.62	26975	2.044	-0.058	2.253	-1.022
893A 05H 5	76	41.15	27.04	41.44	27.236	43.69	27022	2.177	0.089	2.521	-0.857
893A 05H 5	83	41.22	27.089	41.51	27.284	43.76	27068	2.16	0.134	2.701	-0.592
893A 05H 5	90	41.29	27.138	41.58	27.333	43.83	27135	2.109	0.174	2.366	-0.773
893A 05H 5	97	41.36	27.187	41.65	27.382	43.9	27202	2.172	-0.184	2.311	-0.878
893A 05H 5	105	41.44	27.243	41.73	27.444	43.98	27278	2.347	-0.769	2.136	-0.701
893A 05H 5	111	41.5	27.284	41.79	27.486	44.04	27335	2.28	-0.211	2.034	-0.991
893A 05H 5	118	41.57	27.333	41.86	27.535	44.11	27402	2.367	-0.173	2.107	-0.857
893A 05H 5	125	41.64	27.382	41.94	27.584	44.19	27478	2.147	-0.249	2.087	-0.848
893A 05H 5	135	41.74	27.452	42.04	27.654	44.29	27068	2.264	-0.005	2.391	-0.615
893A 05H 5	141	41.8	27.493	42.1	27.695	44.35	27654	1.715	0.33	1.804	-0.807
893A 05H 6	3	41.89	27.556	42.19	27.765	44.44	27774	2.135	-0.065	2.509	-0.554
893A 05H 6	10	41.96	27.605	42.27	27.814	44.52	27881	2.449	-0.062	2.597	-0.668
893A 05H 6	22	42.08	27.688	42.4	27.904	44.65	28055	2.352	-0.377	2.555	-0.914
893A 05H 6	32	42.14	27.733	42.46	27.953	44.71	28135	2.391	-0.157	2.466	-1.032
893A 05H 6	41	42.22	27.786	42.55	28.009	44.8	28226	2.444	-0.065	2.399	-0.684
893A 05H 6	48	42.277	27.826	42.61	28.051	44.86	28286	2.456	-0.051	2.538	-0.736
893A 05H 6	55	42.33	27.863	42.66	28.093	44.91	28336	2.538	-0.264		
893A 05H 6	62	42.4	27.911	42.74	28.149	44.99	28415	2.239	-0.14	2.349	-0.725
893A 05H 6	69	42.45	27.948	42.79	28.183	45.04	28465	2.632	-0.344	2.453	-0.935
893A 05H 6	76	42.52	27.995	42.87	28.232	45.12	28545	2.396	-0.318	2.275	-0.944
893A 05H 6	82	42.57	28.032	42.92	28.274	45.17	28595	2.505	-0.265	2.57	-0.963
893A 05H 6	94	42.64	28.079	43	28.323	45.25	28675	2.491	-0.165	2.753	-0.851
893A 05H 6	105	42.7	28.122	43.06	28.372	45.31	28734	2.489	-0.246	2.614	-0.716
893A 05H 6	112	42.75	28.156	43.12	28.407	45.37	28794	2.406	0.027	2.503	-0.716
893A 05H 6	117	42.8	28.19	43.17	28.442	45.42	28844	2.391	-0.391	2.355	-1.037
893A 05H 6	119	42.82	28.204	43.19	28.464	45.44	28864	2.459	-0.052	2.776	-0.763
893A 05H 6	124	42.87	28.239	43.25	28.5	45.5	28924	2.283	0.09	2.348	-0.896
893A 05H 6	131	42.94	28.288	43.32	28.559	45.57	28993	2.245	0.075	2.456	-0.668
893A 05H 6	138	42.97	28.311	43.35	28.581	45.6	29023	2.349	0.162	2.436	-0.696
893A 05H 6	147	43.05	28.365	43.44	28.64	45.69	29113	2.401	-0.04	2.366	-0.75
893A 05H 7	5	43.11	28.407	43.5	28.691	45.75	29173	1.532	0.018	1.742	-1.005
893A 05H 7	12	43.18	28.546	43.57	28.743	45.82	29232	1.834	0.345	1.519	-0.95
893A 05H 7	19	43.25	28.954	43.64	28.797	45.89	29306	1.789	0.39	1.984	-0.83
893A 05H 7	26	43.32	29.004	43.71	28.853	45.96	29379	1.877	0.536	2.027	-0.601
893A 05H 7	35	43.41	29.069	43.81	28.925	46.06	29483	2.387	0.016	2.628	-0.793
893A 05H 7	42	43.488	29.125	43.89	28.989	46.14	29566	2.574	-0.012	2.582	-0.697
893A 05H 7	49	43.55	29.171	43.95	29.037	46.2	29629	2.405	-0.158	2.763	-0.672
893A 05H 7	56	43.62	29.22	44.02	29.093	46.27	29702			2.459	-0.77
893A 05H C	3	43.74	29.307	44.09	29.148	46.34	29775	2.379	-0.075	2.584	-0.798
893A 05H C	10	43.94	29.439	44.15	29.204	46.4	29837	2.556	0.016	2.735	-0.703
893A 05H C	17	44.14	29.572	44.22	29.26	46.47	29910	2.515	0.021	2.608	-0.731
893A 05H C	24	44.33	29.705	44.28	29.308	46.53	29973	2.511	-0.132	2.355	-0.707
893A 05H C	28	44.44	29.781	44.32	29.34	46.57	30015	2.377	0.015	2.489	-0.636
893A 06H 1	5	44.52	29.867	44.36	29.372	46.61	30056	2.511	-0.081	1.879	-1.067
893A 06H 1	12	44.59	29.918	44.44	29.428	46.69	30140	2.328	-0.053	2.572	-0.887
893A 06H 1	19	44.66	29.968	44.51	29.484	46.76	30213	2.379	-0.13		
893A 06H 1	28	44.71	30.007	44.56	29.532	46.81	30265	2.525	-0.113	2.753	-0.61
893A 06H 1	35	44.78	30.055	44.64	29.588	46.89	30348	2.137	-0.253	2.292	-0.895
893A 06H 1	42	44.84	30.101	44.7	29.644	46.95	30411	2.417	-0.099	2.619	-0.668
893A 06H 1	57	44.91	30.148	44.78	29.7	47.03	30494	2.499	-0.108	2.434	-0.817
893A 06H 1	64	44.98	30.198	44.85	29.756	47.1	30567	2.39	-0.016	2.724	-0.656
893A 06H 1	67	45.01	30.22	44.88	29.788	47.13	30599	2.364	-0.102	2.623	-0.651
893A 06H 1	70	45.04	30.242	44.91	29.812	47.16	30630	2.533	0.024	2.725	-0.604
893A 06H 1	79	45.1	30.287	44.98	29.859	47.23	30703	2.388	-0.144	2.599	-0.595
893A 06H 1	86	45.17	30.335	45.05	29.923	47.3	30776	2.491	0.031	2.538	-0.595
893A 06H 1	93	45.24	30.386	45.13	29.979	47.38	30860	2.194	-0.012	2.529	-0.644
893A 06H 1	97	45.28	30.414	45.17	30.011	47.42	30901	2.348	-0.427	2.618	-0.673
893A 06H 1	114	45.3	30.429	45.19	30.027	47.44	30922	2.219	-0.237	2.715	-0.569
893A 06H 1	121	45.37	30.479	45.26	30.091	47.51	30995	2.418	-0.027	2.428	-0.561
893A 06H 1	127	45.43	30.522	45.33	30.139	47.58	31068	2.395	-0.176	2.565	-0.709
893A 06H 1	127	45.43	30.522	45.33	30.139	47.58	31068	2.571	-0.005	2.596	-0.581
893A 06H 1	134	45.5	30.573	45.4	30.203	47.65	31141	2.306	-0.017	2.546	-0.563
893A 06H 1	141	45.57	30.622	45.48	30.259	47.73	31225	1.855	-0.107	2.358	-0.661
893A 06H 1	148	45.62	30.662	45.53	30.299	47.78	31277	2.435	0.042	2.593	-0.382
893A 06H 2	4	45.66	30.685	45.57	30.339	47.82	31318	2.427	0.149	2.614	-0.366
893A 06H 2	10	45.74	30.745	45.66	30.403	47.91	31412	2.326	0.008	2.41	-0.571
893A 06H 2	25	45.8	30.785	45.72	30.459	47.97	31475	2.019	-0.17	2.102	-0.88
893A 06H 2	37	45.84	30.817	45.77	30.491	48.02	31527	2.339	0.05	2.377	-0.448
893A 06H 2	44	45.91	30.868	45.84	30.555	48.09	31600	2.303	0.076	1.904	-0.479
893A 06H 2	51	45.98	30.918	45.92	30.61	48.17	31670	1.938	-0.168	1.305	-0.791
893A 06H 2	55	46.02	30.947	45.96	30.65	48.21	31704	2.083	-0.075	1.323	-0.942
893A 06H 2	62	46.09	30.997	46.04	30.706	48.29	31774	2.038	0.139	1.274	-0.732
893A 06H 2	69	46.16	31.048	46.11	30.77	48.36	31835	2.181	0.07	1.468	-0.622
893A 06H 2	76	46.23	31.098	46.19	30.826	48.44	31904	2.1	0.003	1.339	-0.649
893A 06H 2	83	46.3	31.148	46.26	30.89	48.51	31965	1.699	0.039	1.166	-0.902
893A 06H 2	90	46.37	31.199	46.34	30.946	48.59	32035	1.831	0.096	1.273	-0.821
893A 06H 2	97	46.44	31.249	46.41	31.01	48.66	32096	1.759	0.05	0.976	-1.021
893A 06H 2	121	46.64	31.394	46.63	31.178	48.88	32287	1.884	0.126	1.229	-0.947
893A 06H 2	128	46.69	31.432	46.68	31.226	48.93	32330	2.028	0.164	1.446	-1
893A 06H 2	135	46.76	31.479	46.76	31.281	49.01	32400	2.12	0.103	1.505	-0.78
893A 06H 2	142	46.83	31.528	46.83	31.345	49.08	32431	2.335	0.145	2.431	-0.583
893A 06H 2	148	46.88	31.567	46.89	31.385	49.14	32457	2.403	0.021	2.308	-0.908
893A 06H 3	3	46.93	31.601	46.94	31.433	49.19	32479	2.297	-0.067	2.411	-0.611
893A 06H 3	5	46.95	31.616	46.96	31.449	49.21	32488	2.319	-0.359	2.642	-0.857
893A 06H 3	5	46.95	31.616	46.96	31.449	49.21	32488	2.327	-0.014	2.58	-0.705
893A 06H 3	12	47.02	31.666	47.03	31.505	49.28	32518	2.5	-0.285	2.655	-0.61
893A 06H 3	19	47.09	31.717	47.1	31.561	49.35	32549	2.474	-0.007	2.435	-0.895
893A 06H 3	26	47.16	31.767	47.18	31.617	49.43	32584	2.425	-0.03	2.612	-0.688
893A 06H 3	35	47.25	31.832	47.27	31.689	49.52	32623	2.12	0.106	2.42	-0.757
893A 06H 3	42	47.32	31.882	47.34	31.745	49.59	32654	2.423	-0.044	2.581	-0.719
893A 06H 3	49	47.39	31.933	47.41	31.809	49.66	32685	2.375	-0.026	2.544	-0.83
893A 06H 3	56	47.46	31.983	47.48	31.865	49.73	32715	2.055	-0.152	2.588	-0.626
893A 06H 3	63	47.53	32.033	47.55	31.921	49.8	32746	2.441	0.026	2.543	-0.732
893A 06H 3	68	47.55	32.046	47.57	31.937	49.82	32755	2.229	-0.043	2.406	-0.602
893A 06H 3	77	47.63	32.106	47.66	32	49.91	32794	2.272	0.028	2.67	-0.536
893A 06H 3	84	47.7	32.154	47.73	32.056	49.98	32825	2.457	-0.055	2.581	-0.682
893A 06H 3	91	47.76	32.199	47.79	32.104	50.04	32851	2.345	0.116	2.315	-0.626
893A 06H 3	98	47.83	32.249	47.86	32.168	50.11	32882	2.378	-0.128	2.746	-0.61
893A 06H 3	105	47.9	32.299	47.93	32.224	50.18	32912	2.35	-0.089	2.443	-0.564
893A 06H 3	112	47.97	32.349	48	32.28	50.25	32943	2.385	0.14	2.512	-0.688
893A 06H 3	127	48.04	32.4	48.08	32.336	50.33	32978	2.574	0.068	2.592	-0.471
893A 06H 3	134	48.09	32.436	48.13	32.376	50.38	33000	2.296	0.014	2.257	-0.53
893A 06H 3	141	48.16	32.486	48.2	32.432	50.45	33053	2.334	0.066	2.297	-0.642
893A 06H 3	148	48.22	32.531	48.26	32.48	50.51	33099	2.24	0.165	2.281	-0.844
893A 06H 4	5	48.29	32.58	48.33	32.544	50.58	33152	1.973	0.236	1.834	-0.564
893A 06H 4	19	48.43	32.681	48.48	32.656	50.73	33266	2.124	0.166	1.775	-0.712
893A 06H 4	22	48.46	32.702	48.51	32.68	50.76	33289	1.872	0.36	1.438	-0.382
893A 06H 4	29	48.53	32.753	48.58	32.743	50.83	33342	1.965	0.173	1.867	-0.533
893A 06H 4	43	48.658	32.845	48.71	32.847	50.96	33441	1.306	0.178	1.371	-0.965
893A 06H 4	53	48.75	32.911	48.81	32.919	51.06	33516	2.199	-0.22	2.249	-0.436
893A 06H 4	60	48.79	32.94	48.85	32.951	51.1	33547	2.083	0.131	2.206	-0.596
893A 06H 4	67	48.86	32.99	48.92	33.015	51.17	33600	1.993	-0.415	2.076	-0.668
893A 06H 4	74	48.93	33.041	48.99	33.071	51.24	33635	2.413	0.087	2.679	-0.508
893A 06H 4	81	49	33.091	49.07	33.127	51.32	33674	2.356	-0.076	2.452	-0.45
893A 06H 4	83	49.02	33.106	49.09	33.143	51.34	33684	2.507	-0.039	2.726	-0.662
893A 06H 4	88	49.07	33.141	49.14	33.183	51.39	33709	2.532	0.049	2.486	-0.6
893A 06H 4	96	49.15	33.199	49.22	33.255	51.47	33748	2.454	0.206	2.661	-0.438
893A 06H 4	102	49.21	33.242	49.28	33.303	51.53	33778	2.501	-0.143	2.37	-0.624
893A 06H 4	109	49.28	33.293	49.36	33.359	51.61	33818	2.418	-0.014	2.173	-0.762
893A 06H 4	114	49.35	33.342	49.43	33.415	51.68	33852	2.215	0.191	2.521	-0.354
893A 06H 4	121	49.4	33.378	49.48	33.462	51.73	33877	2.35	0.122	2.276	-0.834
893A 06H 4	128	49.47	33.429	49.55	33.518	51.8	33912	2.458	0.053	2.218	-0.616
893A 06H 4	135	49.54	33.479	49.63	33.574	51.88	33951	2.343	0.039	1.892	-0.613
893A 06H 4	142	49.61	33.527	49.7	33.63	51.95	33986	2.424	0.037	2.429	-0.594
893A 06H 5	5	49.72	33.609	49.81	33.726	52.06	34040	2.44	-0.016	1.863	-0.742
893A 06H 5	12	49.79	33.659	49.88	33.782	52.13	34075	2.329	-0.013	2.111	-0.56
893A 06H 5	19	49.86	33.71	49.95	33.838	52.2	34109	2.4	0.052	1.994	-0.603
893A 06H 5	26	49.92	33.75	50.01	33.886	52.26	34139	2.08	0.143	2.166	-0.633
893A 06H 5	35	50	33.81	50.09	33.95	52.34	34179	2.229	0.287	2.177	-0.485
893A 06H 5	42	50.07	33.861	50.16	34.006	52.41	34213	2.09	0.036	2.327	-0.438
893A 06H 5	49	50.14	33.911	50.23	34.062	52.48	34248	2.123	0.116	2.494	-0.574
893A 06H 5	56	50.21	33.962	50.3	34.118	52.55	34282	2.172	0.072	2.233	-0.881
893A 06H 5	63	50.28	34.012	50.37	34.173	52.62	34317	2.196	0.026	2.317	-0.574
893A 06H 5	67	50.32	34.041	50.41	34.205	52.66	34337	2.228	0.177	2.204	-0.783
893A 06H 5	67	50.32	34.041	50.41	34.205	52.66	34337	2.194	0.006	2.573	-0.486
893A 06H 5	74	50.39	34.091	50.48	34.261	52.73	34371	2.04	0.005	2.148	-0.712
893A 06H 5	81	50.46	34.141	50.55	34.317	52.8	34406	1.935	0.276	2.412	-0.644
893A 06H 5	88	50.53	34.192	50.62	34.373	52.87	34441	2.142	-0.142	2.244	-0.685
893A 06H 5	95	50.6	34.242	50.69	34.429	52.94	34475	2.146	0.05	2.514	-0.609
893A 06H 5	105	50.7	34.314	50.79	34.509	53.04	34541	1.456	0.169	1.432	-0.673
893A 06H 5	112	50.77	34.364	50.86	34.565	53.11	34598	1.603	0.028	2.077	-0.69
893A 06H 5	119	50.84	34.415	50.93	34.621	53.18	34655	1.896	0.207	1.33	-0.658
893A 06H 5	126	50.91	34.465	51	34.677	53.25	34713	1.64	0.197	1.416	-0.754
893A 06H 5	135	51	34.53	51.09	34.749	53.34	34786	1.704	0.173	1.281	-0.606
893A 06H 5	141	51.06	34.573	51.15	34.797	53.4	34835	1.41	0.471	1.307	-0.864
893A 06H 5	148	51.12	34.618	51.21	34.845	53.46	34885	1.528	0.359	1.346	-0.68
893A 06H 6	5	51.18	34.659	51.27	34.892	53.52	34934			1.201	-1.054
893A 06H 6	12	51.25	34.71	51.35	34.948	53.6	34999	1.696	0.352	1.48	-1.061
893A 06H 6	19	51.32	34.76	51.42	35.012	53.67	35056	1.671	-0.064	1.197	-0.729
893A 06H 6	25	51.38	34.803	51.49	35.06	53.74	35114	1.645	0.27	1.144	-0.544
893A 06H 6	30	51.43	34.839	51.54	35.108	53.79	35155	1.653	0.036	1.399	-0.553
893A 06H 6	40	51.53	34.911	51.65	35.188	53.9	35245	1.681	0.048	1.428	-0.737
893A 06H 6	46	51.59	34.955	51.71	35.244	53.96	35294	1.717	-0.062	1.396	-1.205
893A 06H 6	52	51.65	34.998	51.78	35.292	54.03	35351	1.418	0.008	0.574	-0.949
893A 06H 6	63	51.71	35.041	51.84	35.348	54.09	35400	1.759	0.01	1.541	-0.944
893A 06H 6	70	51.78	35.091	51.92	35.404	54.17	35432			1.996	-0.601
893A 06H 6	77	51.82	35.119	51.96	35.444	54.21	35447	2.077	0.059	2.093	-0.431
893A 06H 6	83	51.87	35.156	52.01	35.484	54.26	35467	2.261	0.112		
893A 06H 6	85	51.89	35.17	52.04	35.5	54.29	35479	2.207	0.069	2.325	-0.632
893A 06H 6	91	51.94	35.209	52.09	35.54	54.34	35499	2.055	-0.189	2.302	-0.714
893A 06H 6	100	52	35.249	52.15	35.595	54.4	35522	2.144	0.001	2.405	-0.783
893A 06H 6	107	52.07	35.299	52.23	35.651	54.48	35554	2.503	0.068	2.716	-0.49
893A 06H 6	115	52.15	35.357	52.32	35.723	54.57	35589	2.281	-0.003	2.412	-0.848
893A 06H 6	122	52.22	35.407	52.39	35.787	54.64	35617	2.514	0.089	2.377	-0.444
893A 06H 6	128	52.28	35.451	52.45	35.835	54.7	35640	2.442	0.077	2.59	-0.382
893A 06H 6	136	52.36	35.509	52.54	35.907	54.79	35676	2.371	0.155	2.473	-0.596
893A 06H 6	143	52.43	35.557	52.62	35.963	54.87	35707	2.25	0.137	2.031	-0.706
893A 06H 7	5	52.53	35.631	52.72	36.051	54.97	35747	2.273	0.069	2.229	-0.722
893A 06H 7	12	52.6	35.684	52.79	36.107	55.04	35774	2.236	0.196	2.202	-0.628
893A 06H 7	19	52.68	35.739	52.87	36.171	55.12	35806	2.332	0.067	2.096	-0.71
893A 06H 7	26	52.75	35.789	52.94	36.227	55.19	35833	2.288	0.085	2.552	-0.789
893A 06H 7	35	52.82	35.847	53.01	36.283	55.26	35861	2.336	0.009	2.006	-1.069
893A 06H 7	42	52.91	35.901	53.1	36.354	55.35	35897	2.212	0.109	2.343	-0.76
893A 06H 7	49	52.98	35.954	53.18	36.41	55.43	35928	2.194	0.168	2.379	-0.715
893A 06H 7	56	53.05	36.005	53.25	36.466	55.5	35956	2.306	0.161	2.34	-0.493
893A 06H 7	63	53.12	36.054	53.32	36.522	55.57	35983	2.285	0.132	2.268	-0.769
893A 06H 7	68	53.17	36.092	53.37	36.562	55.62	36003	2.336	0.273	2.392	-0.808
893A 06H 7	75	53.24	36.138	53.44	36.618	55.69	36031	2.392	0.037	2.073	-0.783
893A 06H 7	82	53.3	36.183	53.5	36.666	55.75	36054	2.268	-0.18		
893A 06H C	3	53.4	36.286	53.57	36.722	55.82	36082	2.295	-0.039	2.517	-0.568
893A 06H C	10	53.53	36.363	53.63	36.77	55.88	36105	2.397	-0.007	2.572	-0.594
893A 06H C	27	53.85	36.55	53.77	36.89	56.02	36161	2.242	-0.033	2.577	-0.642
893A 06H C	33	53.97	36.616	53.83	36.93	56.08	36184	2.432	-0.119	2.344	-0.603
893A 07H 1	5	54.06	36.695	53.91	37.002	56.16	36278	1.586	0.098		
893A 07H 2	5	54.1	36.76	53.95	37.034	56.2	36356	1.329	0.262	1.199	-0.551
893A 07H 2	12	54.17	36.811	54.03	37.089	56.28	36512	1.358	-0.14	1.387	-1.971
893A 07H 2	19	54.24	36.861	54.1	37.145	56.35	36648	1.508	0.303	1.354	-0.569
893A 07H 2	26	54.34	36.911	54.2	37.233	56.45	36842	1.633	0.217	1.423	-0.551
893A 07H 2	33	54.38	36.962	54.25	37.265	56.5	36940	1.391	0.16	1.296	-1.007
893A 07H 2	40	54.45	37.012	54.32	37.321	56.57	37076	1.443	0.26	0.82	-0.957
893A 07H 2	47	54.52	37.063	54.39	37.385	56.64	37212	1.837	-0.212	1.135	-0.802
893A 07H 2	71	54.56	37.091	54.43	37.417	56.68	37290	1.693	-0.034	1.324	-0.63
893A 07H 2	75	54.583	37.108	54.46	37.433	56.71	37349	1.743	-0.061	0.698	-0.858
893A 07H 2	94	54.645	37.153	54.52	37.489	56.77	37465	1.857	-0.061	1.441	-0.747
893A 07H 2	96	54.655	37.16	54.53	37.497	56.78	37485	1.527	0.119	1.415	-0.559
893A 07H 2	98	54.665	37.167	54.54	37.505	56.79	37504	1.713	0.124	1.11	-0.71
893A 07H 2	105	54.67	37.171	54.55	37.505	56.8	37524	1.845	-1.484	1.643	-2.2295
893A 07H 2	107	54.69	37.185	54.57	37.529	56.82	37563	1.99	-0.87	1.391	-1.958
893A 07H 2	110	54.72	37.207	54.6	37.553	56.85	37621			1.609	-0.87
893A 07H 2	112	54.74	37.221	54.62	37.569	56.87	37660			1.267	-0.594
893A 07H 2	114	54.76	37.236	54.64	37.585	56.89	37699			1.863	-0.916
893A 07H 2	117	54.789	37.257	54.67	37.609	56.92	37758			1.777	-1.34
893A 07H 2	146	55.07	37.461	54.97	37.633	57.22	38342	1.654	0.042	1.442	-0.563
893A 07H 3	3	55.13	37.504	55.03	37.681	57.28	38415	2.11	0.077	1.541	-0.631
893A 07H 3	9	55.18	37.539	55.09	37.721	57.34	38445	2.088	0.035	1.539	-0.627
893A 07H 3	16	55.25	37.588	55.17	37.785	57.42	38485	2.09	0.103	1.806	-0.718
893A 07H 3	25	55.3	37.624	55.22	37.833	57.47	38510	2.175	0.02	1.455	-0.804
893A 07H 3	27	55.32	37.639	55.25	37.849	57.5	38525	2.097	0.182	1.557	-0.634
893A 07H 3	34	55.39	37.689	55.33	37.913	57.58	38565	2.142	0.088	1.901	-0.403
893A 07H 3	41	55.46	37.739	55.4	37.977	57.65	38600	2.065	0.224	1.923	-0.567
893A 07H 3	48	55.53	37.789	55.48	38.04	57.73	38640	2.228	0.108	2.065	-0.538
893A 07H 3	55	55.57	37.818	55.53	38.072	57.78	38665	2.203	0.051	1.888	-0.608
893A 07H 3	62	55.63	37.859	55.6	38.128	57.85	38700	2.3	0.073	2.188	-0.591
893A 07H 3	74	55.72	37.928	55.7	38.208	57.95	38750	2.251	0.048	2.21	-0.528
893A 07H 3	81	55.77	37.962	55.75	38.256	58	38775	2.197	0.082	1.988	-0.67
893A 07H 3	85	55.81	37.971	55.8	38.288	58.05	38800	2.168	0.027	1.643	-0.597
893A 07H 3	88	55.84	38.013	55.83	38.32	58.08	38815	2.213	0.036	1.798	-0.805
893A 07H 3	95	55.9	38.056	55.9	38.368	58.15	38850	2.266	0.104	2.217	-0.701
893A 07H 3	101	55.96	38.1	55.97	38.424	58.22	38885	2.416	-0.005	1.753	-1.084
893A 07H 3	115	56.02	38.142	56.03	38.48	58.28	38915	2.097	0.105	2.109	-0.525
893A 07H 3	121	56.08	38.187	56.1	38.536	58.35	38950	2.351	0.035	2.2505	-0.6375
893A 07H 3	133	56.12	38.212	56.15	38.568	58.4	38975	2.202	0.023	2.39	-0.686
893A 07H 3	142	56.18	38.257	56.21	38.624	58.46	39005	2.377	0.082	2.593	-0.585
893A 07H 4	8	56.31	38.351	56.35	38.727	58.6	39075	2.293	0.098	2.428	-0.41
893A 07H 4	15	56.38	38.401	56.42	38.783	58.67	39110	2.293	0.162	2.381	-0.666
893A 07H 4	22	56.45	38.452	56.49	38.839	58.74	39145	2.212	0.044	2.172	-0.817
893A 07H 4	29	56.52	38.502	56.56	38.895	58.81	39180	2.327	0.168	2.015	-0.73
893A 07H 4	35	56.58	38.545	56.61	38.943	58.86	39205	2.172	0.058	1.743	-0.668
893A 07H 4	42	56.65	38.595	56.68	38.999	58.93	39240	2.327	0.14	1.685	-0.755
893A 07H 4	52	56.7	38.633	56.73	39.039	58.98	39265	2.454	0.047	2.054	-0.354
893A 07H 4	59	56.71	38.635	56.74	39.047	58.99	39270	2.35	0.111		
893A 07H 4	67	56.88	38.759	56.91	39.183	59.16	39355	2.315	-0.071		
893A 07H 4	81	56.91	38.782	56.94	39.199	59.19	39370	2.574	0.016	2.121	-0.288
893A 07H 4	86	56.92	38.79	56.95	39.207	59.2	39375	2.488	0.128	2.016	-0.688
893A 07H 4	96	56.95	38.811	56.98	39.231	59.23	39390	2.494	-0.043		
893A 07H 4	103	57.02	38.861	57.05	39.287	59.3	39425	2.399	0.143		
893A 07H 4	105	57.04	38.876	57.07	39.303	59.32	39435	2.263	-0.19		
893A 07H 4	112	57.11	38.926	57.14	39.359	59.39	39470	2.485	-0.099		
893A 07H 4	117	57.16	38.962	57.19	39.399	59.44	39495	2.23	0.038		
893A 07H 4	126	57.25	39.027	57.27	39.47	59.52	39535	2.413	-0.394	1.759	-1.142
893A 07H 4	136	57.35	39.099	57.37	39.55	59.62	39585	2.445	0.046		
893A 07H 4	140	57.39	39.128	57.41	39.582	59.66	39605	2.551	-0.038		
893A 07H 4	147	57.46	39.178	57.48	39.638	59.73	39640	2.414	0.141		
893A 07H 5	5	57.58	39.263	57.6	39.734	59.85	39700	2.319	0.151	2.518	-0.667
893A 07H 5	12	57.68	39.336	57.7	39.814	59.95	39750	2.277	0.115	2.236	-0.634
893A 07H 5	19	57.75	39.387	57.77	39.87	60.02	39785	2.268	0.087		
893A 07H 5	25	57.81	39.43	57.83	39.918	60.08	39815	2.376	0.069	2.037	-0.439
893A 07H 5	32	57.88	39.48	57.9	39.974	60.15	39850	2.411	0.062	2.203	-0.485
893A 07H 5	39	57.95	39.531	57.98	40.03	60.23	39890	2.409	0.022	2.167	-0.48
893A 07H 5	46	58.02	39.581	58.05	40.086	60.3	39925	2.171	0.258	2.126	-0.78
893A 07H 5	53	58.09	39.631	58.12	40.142	60.37	39960	2.096	0.432	2.386	-0.452
893A 07H 5	60	58.16	39.682	58.19	40.197	60.44	39995	2.383	0.107	1.99	-0.249
893A 07H 5	67	58.23	39.732	58.26	40.253	60.51	40030	2.457	0.209	2.465	-0.422
893A 07H 5	81	58.37	39.833	58.4	40.341	60.65	40100	1.872	0.358	1.289	-0.548
893A 07H 5	88	58.44	39.883	58.47	40.341	60.72	40122	2.101	0.157	1.454	-0.546
893A 07H 6	35	59.36	40.546	59.4	40.373	60.79	40144	2.034	0.138	1.783	-0.451
893A 07H 6	45	59.46	40.617	59.5	40.453	60.89	40175	1.67	0.463	1.575	-0.253
893A 07H 6	51	59.52	40.66	59.56	40.501	60.95	40193	2.071	0.246		
893A 07H 6	58	59.59	40.711	59.63	40.557	61.02	40215	2.224	0.08	1.814	0.218
893A 07H 6	65	59.66	40.761	59.7	40.613	61.09	40237	2.065	0.109		
893A 07H 6	72	59.73	40.811	59.77	40.669	61.16	40259	2.17	0.067	1.873	-0.622
893A 07H 6	79	59.8	40.862	59.85	40.724	61.24	40284	2.311	0.045		
893A 07H 6	86	59.87	40.912	59.92	40.78	61.31	40305	2.074	0.254		
893A 07H 6	93	59.94	40.963	59.99	40.836	61.38	40327	2.227	0.075		
893A 07H 6	100	60.01	41.013	60.06	40.892	61.45	40349	2.258	0.117	2.245	-0.214
893A 07H 6	105	60.06	41.049	60.11	40.932	61.5	40364	2.234	0.118	1.961	-0.469
893A 07H 6	112	60.13	41.099	60.18	40.988	61.57	40386	2.374	0.047		
893A 07H 6	119	60.2	41.15	60.25	41.044	61.64	40408	2.055	0.147		
893A 07H 6	126	60.27	41.2	60.32	41.1	61.71	40430	2.247	0.183		
893A 07H 6	135	60.36	41.265	60.41	41.172	61.8	40458	2.094	0.079	1.514	-0.392
893A 07H 6	142	60.43	41.315	60.48	41.228	61.87	40480	2.219	0.065	2.29	-0.36
893A 07H 7	1	60.5	41.365	60.55	41.292	61.94	40501	2.183	0.126		
893A 07H 7	8	60.57	41.416	60.62	41.348	62.01	40523	2.265	0.068		
893A 07H 7	15	60.64	41.466	60.69	41.404	62.08	40545	2.222	0.076		
893A 07H 7	24	60.73	41.531	60.78	41.475	62.17	40573	2.103	0.104	1.959	-0.896
893A 07H 7	31	60.8	41.581	60.85	41.531	62.24	40595	2.349	0.207		
893A 07H 7	38	60.87	41.632	60.92	41.587	62.31	40616	2.37	0.192		
893A 07H 7	45	60.94	41.682	60.99	41.643	62.38	40638	2.24	0.2		
893A 07H 7	55	61.04	41.754	61.09	41.723	62.48	40669	2.231	0.05		
893A 07H 7	62	61.11	41.808	61.16	41.779	62.55	40691	2.233	0.275	2.035	-0.768
893A 07H 7	69	61.18	41.855	61.23	41.835	62.62	40713	2.274	0.187		
893A 07H 7	76	61.25	41.905	61.3	41.891	62.69	40735	2.231	0.295	2.26	-0.339
893A 07H 7	83	61.32	41.956	61.37	41.947	62.76	40756	2.186	0.125		
893A 07H 7	90	61.39	42.006	61.44	42.003	62.83	40778	2.355	0.107		
893A 07H 7	97	61.46	42.035	61.51	42.059	62.9	40800	1.775	0.476		
893A 07H 7	104	61.53	42.106	61.58	42.115	62.97	40848	1.953	0.502		
893A 07H 7	111	61.6	42.157	61.65	42.17	63.04	40897	1.797	0.554	1.508	-0.578
893A 07H 7	117	61.66	42.2	61.71	42.218	63.1	40938	1.376	0.657	1.476	-0.599
893A 07H 7	124	61.73	42.251	61.78	42.274	63.17	40986	1.645	0.461	1.596	-0.622
893A 07H 7	131	61.8	42.301	61.85	42.33	63.24	41034	1.693	0.468	1.388	-0.746
893A 07H 7	138	61.87	42.352	61.92	42.386	63.31	41083	1.613	0.616	1.486	-0.676
893A 07H 7	145	61.94	42.402	61.99	42.442	63.38	41131	1.6	0.661	1.661	-0.342
893A 07H 8	5	62.01	42.452	62.06	42.498	63.45	41179	1.591	0.154	1.532	-0.414
893A 07H 8	5	62.01	42.452	62.06	42.498	63.45	41179	1.413	0.874	1.702	-0.297
893A 07H 8	12	62.08	42.502	62.13	42.554	63.52	41228	1.643	0.721	1.76	-0.658
893A 07H 8	51	62.42	42.747	62.48	42.834	63.87	41469	2.039	0.322	1.455	-0.274
893A 07H 8	61	62.52	42.819	62.58	42.913	63.97	41538	1.872	0.57	1.74	-0.529
893A 07H 8	71	62.62	42.891	62.69	42.993	64.08	41614	1.76	0.471	1.785	-0.568
893A 07H 8	78	62.69	42.942	62.76	43.049	64.15	41662	1.987	0.443	1.929	-0.346
893A 07H 8	85	62.76	42.992	62.83	43.105	64.22	41710	1.854	0.456	1.584	-0.529
893A 07H C	2	62.83	43.037	62.88	43.145	64.27	41745	2.045	0.25	1.863	-0.369
893A 07H C	14	63.07	43.109	62.99	43.241	64.38	41786	2.053	0.313	1.597	-0.449
893A 07H C	21	63.21	43.151	63.06	43.289	64.45	41855	1.972	0.335	1.942	-0.244
893A 07H C	28	63.06	43.207	62.99	43.233	64.38	41945	2.071	0.239	1.276	-0.377
893A 08H 1	5	63.55	43.56	63.24	43.441	64.63	41993	1.927	0.003	1.396	-0.429
893A 08H 1	12	63.62	43.61	63.32	43.497	64.71	42048	2.013	0.242	1.805	-0.724
893A 08H 2	5	63.7	43.668	63.4	43.569	64.79	42103	1.727	0.043	1.474	-0.671
893A 08H 2	12	63.77	43.718	63.47	43.624	64.86	42152	2.092	0.139	1.278	-0.669
893A 08H 2	19	63.84	43.769	63.54	43.68	64.93	42200	1.646	0.3	1.598	-0.667
893A 08H 2	26	63.91	43.819	63.61	43.736	65	42248	1.444	0.37	1.303	-0.759
893A 08H 2	33	63.98	43.869	63.68	43.792	65.07	42297	1.899	0.271	0.93	-0.906
893A 08H 2	39	64.04	43.913	63.74	43.824	65.13	42338	1.851	0.278	1.357	-1.127
893A 08H 2	99	64.64	44.345	64.35	43.848	65.245	42414	2.156	-1.098	1.877	-1.971
893A 08H 2	105	64.7	44.388	64.41	43.88	65.305	42455	2.117	-0.194	1.584	-0.832
893A 08H 2	113	64.78	44.445	64.49	43.93	65.385	42510	2.056	0.112	1.371	-0.681
893A 08H 2	119	64.84	44.488	64.55	43.968	65.445	42552	2.1	0.123	1.301	-0.197
893A 08H 2	121	64.86	44.502	64.57	43.981	65.465	42566	2.367	0.059		
893A 08H 2	126	64.91	44.538	64.62	44.012	65.515	42600	2.179	0.281	1.574	-0.567
893A 08H 2	129	64.94	44.56	64.65	44.031	65.545	42609	2.177	0.201	1.843	-0.429
893A 08H 2	131	64.96	44.575	64.67	44.043	65.565	42615			1.764	-0.716
893A 08H 2	133	64.98	44.586	64.69	44.056	65.585	42622	2.594	-1.451	2.281	-1.856
893A 08H 2	135	64.99	44.594	64.7	44.062	65.595	42625	2.366	-2.2495	2.334	-3.36
893A 08H 2	139	65.01	44.611	64.72	44.075	65.615	42631	2.365	-1.338	2.192	-2.499
893A 08H 2	144	65.05	44.636	64.76	44.1	65.655	42643	2.295	-0.103	2.072	-0.397
893A 08H 2	146	65.06	44.646	64.77	44.106	65.665	42646	2.243	0.144		
893A 08H 3	2	65.09	44.665	64.8	44.131	65.695	42658	2.16	0.035	1.757	-0.55
893A 08H 3	19	65.2	44.747	64.91	44.201	65.805	42692	2.148	0.221	2.165	-0.49
893A 08H 3	26	65.27	44.797	64.98	44.245	65.875	42714	2.227	0.197	1.401	0.004
893A 08H 3	33	65.32	44.832	65.03	44.276	65.925	42729	2.095	0.239	2.385	-0.502
893A 08H 3	65	65.54	44.992	65.26	44.414	66.155	42797	2.036	-0.047	2.033	-0.677
893A 08H 3	72	65.59	45.03	65.31	44.452	66.205	42815	2.085	-0.056	2.345	-0.442
893A 08H 3	79	65.6	45.035	65.32	44.458	66.215	42818	2.146	0.003	2.324	-0.373
893A 08H 3	85	65.74	45.136	65.46	44.546	66.355	42862	2.125	0.026	2.294	-0.366
893A 08H 3	100	65.75	45.143	65.47	44.553	66.365	42865	2.237	0.183	2.177	-0.464
893A 08H 3	107	65.77	45.158	65.49	44.565	66.385	42871	2.296	0.19	2.265	-0.452
893A 08H 3	117	65.85	45.215	65.58	44.615	66.475	42895	2.168	-0.11	2.085	-0.537
893A 08H 3	131	65.98	45.309	65.71	44.697	66.605	42935	2.076	0.184	2.328	-0.422
893A 08H 3	146	66.04	45.352	65.77	44.735	66.665	42954	2.28	0.139	2.256	-0.51
893A 08H 4	5	66.12	45.409	65.85	44.791	66.745	42982	2.106	0.05	2.261	-0.612
893A 08H 4	11	66.18	45.452	65.92	44.829	66.815	43000	2.124	0.159	2.138	-0.489
893A 08H 4	21	66.2	45.466	65.94	44.842	66.835	43006	2.153	0.18	1.498	-0.403
893A 08H 4	50	66.4	45.609	66.15	44.974	67.045	43071	2.049	0.163	1.87	-0.634
893A 08H 4	57	66.41	45.618	66.16	44.98	67.055	43074	2.036	0.259		
893A 08H 4	69	66.53	45.704	66.28	45.062	67.175	43114	2.124	0.275		
893A 08H 4	76	66.6	45.755	66.36	45.106	67.255	43135	2.161	0.137		
893A 08H 4	83	66.67	45.805	66.43	45.156	67.325	43160	2.165	0.24		
893A 08H 4	90	66.74	45.855	66.5	45.2	67.395	43182	2.421	0.075		
893A 08H 4	97	66.8	45.899	66.57	45.238	67.465	43200	2.075	0.267		
893A 08H 4	105	66.87	45.949	66.64	45.288	67.535	43254	1.801	-0.046	1.374	-0.424
893A 08H 4	112	66.93	45.995	66.7	45.326	67.595	43295	2.003	0.125	1.044	-0.854
893A 08H 4	119	66.98	46.028	66.76	45.357	67.655	43329	1.605	0.105	0.972	-0.801
893A 08H 4	128	67.06	46.083	66.84	45.414	67.735	43390	1.554	-0.083	1.268	-1.051
893A 08H 4	138	67.1	46.153	66.88	45.439	67.775	43417	1.661	0.203	1.454	-0.685
893A 08H 5	5	67.29	46.252	67.08	45.565	67.975	43552	2.215	0.205	2.059	-0.483
893A 08H 5	19	67.41	46.338	67.21	45.64	68.105	43633	1.811	-0.02	1.841	-0.554
893A 08H 5	25	67.47	46.381	67.27	45.678	68.165	43674	1.516	-0.183	1.721	-0.543
893A 08H 5	32	67.54	46.431	67.34	45.722	68.235	43721	1.753	0.149	1.629	-0.519
893A 08H 5	39	67.61	46.481	67.41	45.772	68.305	43775	1.817	0.095	1.665	-0.499
893A 08H 5	46	67.68	46.532	67.48	45.816	68.375	43823	1.737	0.152	1.554	-0.073
893A 08H 5	57	67.79	46.611	67.6	45.885	68.495	43897	1.987	0.188	1.972	-0.411
893A 08H 5	64	67.86	46.661	67.67	45.929	68.565	43945			1.814	-0.367
893A 08H 5	71	67.93	46.711	67.74	45.973	68.635	43992	1.992	0.098	2.013	-0.549
893A 08H 5	92	68.14	46.863	67.96	46.112	68.855	44141	1.894	0.154	1.528	-0.788
893A 08H 5	98	68.2	46.906	68.02	46.149	68.915	44182	1.918	0.046	1.107	-0.573
893A 08H 5	106	68.28	46.963	68.1	46.2	68.995	44236	1.501	0.477	0.994	-0.558
893A 08H 5	115	68.35	47.016	68.17	46.25	69.065	44290	1.524	0.512	0.852	-0.075
893A 08H 5	124	68.43	47.071	68.25	46.3	69.145	44344	1.657	0.299	1.289	-0.787
893A 08H 5	131	68.5	47.122	68.33	46.344	69.225	44391	1.762	0.023		
893A 08H 5	138	68.57	47.172	68.4	46.388	69.295	44439	1.815	-0.085		
893A 08H 5	145	68.64	47.222	68.47	46.432	69.365	44486	1.9	0.131	1.473	-0.526
893A 08H 6	5	68.73	47.287	68.56	46.495	69.455	44554	1.888	0.006	1.654	-0.503
893A 08H 6	12	68.8	47.337	68.63	46.539	69.525	44601	2.034	0.255	1.862	-0.428
893A 08H 6	19	68.87	47.388	68.7	46.583	69.595	44649	2.013	0.16	1.902	-0.544
893A 08H 6	26	68.94	47.438	68.78	46.627	69.675	44696	1.969	0.115	1.65	-0.748
893A 08H 6	32	69	47.481	68.84	46.665	69.735	44737	1.86	0.174	1.462	-0.786
893A 08H 6	43	69.11	47.561	68.95	46.734	69.845	44811	1.595	0.334	1.181	-0.672
893A 08H 6	49	69.17	47.604	69.01	46.778	69.905	44858	1.854	0.337	1.002	-0.938
893A 08H 6	55	69.23	47.647	69.07	46.816	69.965	44899			0.826	-0.507
893A 08H 6	62	69.3	47.697	69.14	46.86	70.035	44946	1.934	0.056	1.511	-0.834
893A 08H 6	71	69.39	47.762	69.24	46.916	70.135	45007	1.724	0.124	1.137	-0.577
893A 08H 6	77	69.45	47.806	69.3	46.954	70.195	45048	1.238	-0.057	0.736	-0.702
893A 08H 6	89	69.52	47.859	69.37	46.998	70.265	45095			1.281	-0.937
893A 08H 6	96	69.59	47.906	69.44	47.042	70.335	45143	1.645	0.215	1.691	-0.605
893A 08H 6	103	69.66	47.956	69.51	47.092	70.405	45197	1.702	0.047	1.701	-0.53
893A 08H 6	110	69.73	48.007	69.58	47.136	70.475	45244	1.729	0.231	1.767	-0.37
893A 08H 6	117	69.8	48.057	69.65	47.18	70.545	45292	1.85	0.381	1.81	-0.569
893A 08H 6	124	69.86	48.098	69.72	47.218	70.615	45332	2.085	0.256	1.324	-0.474
893A 08H 6	135	69.96	48.17	69.82	47.281	70.715	45400	1.961	-0.14	1.162	-0.789
893A 08H 6	142	70.01	48.208	69.87	47.312	70.765	45420	2.264	0.169		
893A 8H-07	1	70.089	48.2654	69.95	47.369	70.845	45456	2.211	0.163		
893A 8H-07	10	70.17	48.323	70.04	47.419	70.935	45488	2.133	0.146		
893A 8H-07	19	70.26	48.3878	70.13	47.482	71.025	45527	2.176	0.097	1.92	-0.531
893A 08H 7	24	70.31	48.424	70.19	47.513	71.085	45547	2.175	0.032	1.991	-0.931
893A 08H 7	34	70.41	48.496	70.29	47.582	71.185	45591	2.323	0.136	2.108	-0.435
893A 08H 7	41	70.48	48.546	70.37	47.626	71.265	45619	2.353	0.124	2.511	-0.84
893A 08H 7	47	70.54	48.59	70.43	47.67	71.325	45647	2.398	0.099	2.368	-0.637
893A 08H 7	57	70.64	48.662	70.54	47.733	71.435	45687	2.157	-0.065		
893A 08H 7	64	70.71	48.712	70.61	47.784	71.505	45719	2.239	0.086	1.105	-0.527
893A 08H 7	71	70.77	48.757	70.67	47.821	71.565	45743	2.394	0.146		
893A 08H 7	78	70.79	48.772	70.7	47.834	71.595	45751	2.249	0.051	1.788	-0.45
893A 08H 7	85	70.82	48.787	70.73	47.853	71.625	45763	2.164	0.041	1.556	-0.924
893A 08H 7	91	70.84	48.805	70.75	47.865	71.645	45771	2.33	0.059	1.765	-0.788
893A 08H 7	98	70.91	48.856	70.82	47.916	71.715	45802	2.621	0.121	2.247	-0.75
893A 08H 7	105	70.98	48.906	70.9	47.96	71.795	45830	2.373	0.17	1.661	-0.995
893A 08H 7	112	71.05	48.957	70.97	48.01	71.865	45862	2.163	0.186	1.628	-0.976
893A 08H 7	116	71.09	48.986	71.02	48.035	71.915	45878	2.184	0.075	1.764	-0.934
893A 08H 7	125	71.15	49.025	71.08	48.073	71.975	45902	2.162	0.111	1.485	-0.715
893A 08H 7	132	71.19	49.057	71.12	48.104	72.015	45922	2.383	0.138	2.508	-0.687
893A 08H 7	142	71.25	49.101	71.19	48.142	72.085	45946	2.463	0.138	2.649	-0.615
893A 08H 8	7	71.39	49.201	71.34	48.236	72.235	45998	2.435	0.033	2.534	-0.683
893A 08H 8	19	71.51	49.288	71.47	48.324	72.365	46033	2.441	0.079	2.176	-0.509
893A 08H 8	26	71.58	49.338	71.55	48.374	72.445	46057	2.381	0.025	1.866	-0.707
893A 08H 8	34	71.66	49.396	71.64	48.431	72.535	46081	2.418	0.042	2.284	-0.524
893A 08H 8	53	71.85	49.532	71.86	48.563	72.755	46141	2.25	0.116	2.189	-0.617
893A 08H 8	60	71.92	49.583	71.94	48.613	72.835	46161	2.121	0.188		
893A 08H 8	70	72.02	49.654	72.05	48.683	72.945	46193	2.183	0.164		
893A 08H 8	77	72.09	49.704	72.13	48.733	73.025	46217	2.293	0.153	1.845	-0.561
893A 08H C	4	72.33	49.88	72.09	48.708	72.985	46276	2.247	0.051	2.17	-0.376
893A 08H C	11	72.5	50	72.14	48.739	73.035	46304	2.204	0.124	2.225	-0.588
893A 08H C	22	72.76	50.189	72.21	48.789	73.105	46344	2.1	0.136	1.977	-0.761
893A 08H C	29	72.93	50.309	72.26	48.815	73.155	46372	2.097	0.066	2.125	-0.717
893A 09H 1	4	73.04	50.388	72.32	48.859	73.215	46400	1.634	-0.035		
893A 09H 1	11	73.11	50.439	72.4	48.903	73.295	46503	1.573	0.303	1.385	-0.588
893A 09H 1	18	73.18	50.49	72.47	48.947	73.365	46607	1.852	0.143	1.76	-0.502
893A 09H 1	27	73.27	50.554	72.56	49.009	73.455	46754	1.608	0.036	1.768	-0.648
893A 09H 1	34	73.34	50.604	72.64	49.053	73.535	46858	2.088	0.163	2.066	-0.433
893A 09H 1	41	73.41	50.655	72.71	49.097	73.605	46961	1.794	0.21	1.895	-0.534
893A 09H 1	48	73.48	50.705	72.78	49.148	73.675	47079	1.64	0.239	1.953	-0.493
893A 09H 1	55	73.55	50.756	72.86	49.192	73.755	47182	1.847	0.028	1.768	-0.797
893A 09H 1	74	73.62	50.803	72.93	49.236	73.825	47285	2.018	0.044	1.677	-0.779
893A 09H 1	81	73.66	50.834	72.97	49.267	73.865	47359	1.577	0.404	1.412	-0.76
893A 09H 1	88	73.73	50.885	73.05	49.311	73.945	47463	1.973	0.033	1.289	-0.844
893A 09H 1	95	73.8	50.935	73.12	49.355	74.015	47566	1.818	-0.043	1.626	-0.545
893A 09H 1	104	73.89	51	73.21	49.418	74.105	47713	1.983	-0.206	1.555	-0.424
893A 09H 1	111	73.96	51.057	73.29	49.462	74.185	47817	1.844	-0.153	1.78	-0.504
893A 09H 1	120	74.02	51.11	73.35	49.5	74.245	47891	1.803	0.134	1.98	-0.549
893A 09H 1	127	74.09	51.169	73.42	49.55	74.315	48009	1.739	0.307	1.9	-0.38
893A 09H 1	134	74.13	51.203	73.46	49.575	74.355	48068	1.932	0.213	1.521	-0.413
893A 09H 1	143	74.2	51.262	73.54	49.619	74.435	48171	1.784	0.256	1.734	-0.449
893A 09H 2	1	74.265	51.316	73.61	49.663	74.505	48274	1.747	0.175	1.611	-0.571
893A 09H 2	8	74.33	51.371	73.67	49.707	74.565	48378	1.575	0.406	1.998	-0.42
893A 09H 2	15	74.4	51.43	73.75	49.751	74.645	48481	1.607	0.382	1.668	-0.775
893A 09H 2	29	74.54	51.548	73.89	49.845	74.785	48702	1.955	0.008	1.201	-0.669
893A 09H 2	36	74.61	51.607	73.96	49.889	74.855	48806	1.469	0.443	0.919	-1.281
893A 09H 2	45	74.67	51.658	74.03	49.927	74.925	48894	1.532	0.399	0.939	-0.973
893A 09H 2	52	74.74	51.717	74.1	49.971	74.995	48997	1.839	0.133	1.362	-0.757
893A 09H 2	58	74.8	51.767	74.16	50.015	75.055	49101	1.703	0.143	1.367	-0.743
893A 09H 2	65	74.87	51.827	74.23	50.059	75.125	49204	1.646	0.286	0.866	-0.858
893A 09H 2	72	74.94	51.885	74.31	50.103	75.205	49307	1.763	0.197	1.573	-0.635
893A 09H 2	79	75.01	51.945	74.38	50.147	75.275	49411			1.345	-0.469
893A 09H 2	88	75.04	51.973	74.41	50.172	75.305	49470	1.676	0.177	1.016	-0.788
893A 09H 2	95	75.1	52.021	74.47	50.21	75.365	49558	1.656	0.365	1.283	-0.663
893A 09H 2	107	75.192	52.098	74.57	50.308	75.465	49691	1.759	0.182	1.279	-0.582
893A 09H 2	117	75.24	52.139	74.62	50.363	75.515	49765	1.416	0.71	1.192	-0.459
893A 09H 2	122	75.29	52.181	74.67	50.418	75.565	49853	1.438	0.42	1.213	-0.19
893A 09H 2	128	75.35	52.231	74.73	50.494	75.625	49942	1.281	0.464	1.367	-0.604
893A 09H 2	136	75.43	52.299	74.82	50.581	75.715	50060	1.462	-0.017	1.238	-0.587
893A 09H 2	143	75.5	52.358	74.89	50.658	75.785	50163	1.476	0.518	1.173	-0.445
893A 09H 3	5	75.6	52.442	74.99	50.778	75.885	50326	1.139	0.412	0.863	-0.723
893A 09H 3	16	75.66	52.493	75.06	50.844	75.955	50414	1.458	0.233	0.993	-0.554
893A 09H 3	23	75.71	52.532	75.11	50.909	76.005	50503	1.36	0.141	1.457	-0.812
893A 09H 3	34	75.77	52.588	75.17	50.975	76.065	50591	1.569	-0.052	1.504	-0.936
893A 09H 3	41	75.84	52.645	75.25	51.051	76.145	50695	1.329	0.452	0.81	-0.705
893A 09H 3	48	75.91	52.703	75.32	51.139	76.215	50813	1.282	0.599	1.134	-0.748
893A 09H 3	55	75.98	52.763	75.4	51.215	76.295	50916	1.388	0.531	0.785	-0.939
893A 09H 3	63	76.04	52.809	75.46	51.291	76.355	51019	1.446	0.66	1.673	-0.586
893A 09H 3	72	76.11	52.872	75.54	51.368	76.435	51123	1.607	-0.003	0.564	-1.182
893A 09H 3	78	76.17	52.923	75.6	51.444	76.495	51226	1.823	-0.024	0.848	-1.026
893A 09H 3	89	76.23	52.977	75.66	51.51	76.555	51315	2.17	-0.02	2.102	-0.63
893A 09H 3	98	76.28	53.016	75.72	51.565	76.615	51388	1.657	-0.02	0.975	-0.586
893A 09H 3	104	76.34	53.066	75.78	51.641	76.675	51492	2.129	-0.117	1.717	-0.466
893A 09H 3	111	76.41	53.125	75.86	51.717	76.755	51595	1.511	0.431	1.361	-0.786
893A 09H 3	118	76.48	53.184	75.93	51.805	76.825	51713	1.626	0.33	1.754	-0.594
893A 09H 3	125	76.52	53.218	75.97	51.849	76.865	51772	1.796	0.053	1.314	-0.679
893A 09H	3    140	76.7	53.37	76.16	52.056	77.055	52052	1.85	0.143	1.275	-0.993
893A 09H 3	142	76.72	53.386	76.19	52.078	77.085	52082	1.735	0.236	1.417	-0.726
893A 09H 3	148	76.78	53.437	76.25	52.144	77.145	52185	1.72	0.108	1.257	-0.936
893A 09H 4	5	76.83	53.487	76.3	52.209	77.195	52234	2.386	0.105	2.475	-0.246
893A 09H 4	12	76.86	53.507	76.33	52.242	77.225	52259	2.401	0.148	2.418	-0.544
893A 09H 4	25	77	53.622	76.48	52.395	77.375	52378	2.35	0.197	2.443	-0.334
893A 09H 4	32	77.06	53.674	76.54	52.471	77.435	52437	2.143	0.099	2.55	-0.367
893A 09H 4	39	77.13	53.733	76.61	52.548	77.505	52496	2.112	0.14	2.437	-0.41
893A 09H 4	46	77.14	53.74	76.62	52.559	77.515	52504	2.062	0.208	2.331	-0.515
893A 09H 4	58	77.3	53.876	76.79	52.733	77.685	52640	2.076	-0.07	2.495	-0.397
893A 09H 4	65	77.31	53.885	76.8	52.744	77.695	52648	1.925	0.109	2.304	-0.391
893A 09H 4	72	77.35	53.919	76.84	52.799	77.735	52691	2.019	0.069	2.176	-0.532
893A 09H 4	79	77.42	53.978	76.91	52.875	77.805	52750	2.059	0.193	2.237	-0.612
893A 09H 4	88	77.6	54.129	77.1	53.083	77.995	52910	2.387	-0.025	2.289	-0.605
893A 09H 4	95	77.61	54.138	77.11	53.094	78.005	52919	2.094	0.083	2.32	-0.273
893A 09H 4	104	77.68	54.195	77.18	53.17	78.075	52978	2.019	0.158	2.35	-0.618
893A 09H 4	111	77.7	54.213	77.2	53.192	78.095	52995	1.723	0.12	2.012	-0.562
893A 09H 4	118	77.87	54.356	77.38	53.389	78.275	53147	2.323	0.126	2.447	-0.348
893A 09H 4	126	77.93	54.404	77.44	53.454	78.335	53198	2.201	-0.009	1.995	-0.446
893A 09H 4	135	78	54.466	77.52	53.531	78.415	53257	2.138	-0.035	2.246	-0.435
893A 09H 4	142	78.07	54.525	77.59	53.607	78.485	53316	2.279	0.002	2.398	-0.36
893A 09H 5	3	78.16	54.601	77.68	53.706	78.575	53393	2.207	-0.475	2.229	-0.688
893A 09H 5	10	78.23	54.66	77.75	53.782	78.645	53452	2.253	-0.005	2.386	-0.581
893A 09H 5	17	78.3	54.719	77.82	53.859	78.715	53511	2.328	-0.067	2.469	-0.5
893A 09H 5	24	78.37	54.778	77.89	53.935	78.785	53570	2.341	-0.018	2.168	-0.421
893A 09H 5	34	78.47	54.863	77.99	54.044	78.885	53655	1.48	0.062	1.039	-0.818
893A 09H 5	41	78.54	54.922	78.06	54.121	78.955	53714	2.035	-0.102	1.976	-0.455
893A 09H 5	48	78.62	54.99	78.14	54.208	79.035	53782	1.688	0.172	1.093	-0.938
893A 09H 5	55	78.68	55.04	78.2	54.274	79.095	53832	1.706	-0.062	1.467	-0.679
893A 09H 5	62	78.745	55.095	78.26	54.35	79.155	53892	2.299	0.054	1.751	-0.587
893A 09H 5	66	78.78	55.124	78.3	54.383	79.195	53913	2.283	-0.001	2.107	-0.568
893A 09H 5	68	78.8	55.141	78.32	54.405	79.215	53926	2.257	0.046	2.04	-0.852
893A 09H 5	75	78.87	55.2	78.38	54.481	79.275	53971	2.002	0.204	1.894	-0.6
893A 09H 5	83	78.95	55.268	78.46	54.569	79.355	54023	2.17	0.063	1.74	-0.641
893A 09H 5	89	79.01	55.319	78.52	54.634	79.415	54061	2.16	0.003	1.818	-0.887
893A 09H 5	96	79.08	55.377	78.59	54.711	79.485	54106	2.355	0.015	1.685	-0.975
893A 09H 5	103	79.15	55.436	78.66	54.787	79.555	54152	2.016	-0.195		
893A 09H 5	110	79.22	55.495	78.73	54.864	79.625	54197	2.158	-0.068	2.31	-0.429
893A 09H 5	117	79.29	55.555	78.8	54.94	79.695	54242	2.316	-0.286	2.423	-0.618
893A 09H 5	124	79.36	55.614	78.87	55.016	79.765	54287	2.279	-0.256	1.964	-0.594
893A 09H 5	135	79.47	55.706	78.98	55.137	79.875	54358	2.383	-0.07	1.809	-0.874
893A 09H 5	142	79.54	55.765	79.05	55.213	79.945	54403	2.091	-0.046	2.138	-0.419
893A 09H 6	5	79.64	55.845	79.16	55.333	80.055	54474	2.444	-0.231	2.324	-0.561
893A 09H 6	10	79.68	55.883	79.21	55.377	80.105	54500	2.224	-0.494	2.111	-0.819
893A 09H 6	15	79.73	55.925	79.27	55.443	80.165	54539	2.204	-0.203	2.028	-0.781
893A 09H 7	5	79.79	55.976	79.33	55.519	80.225	54584	2.14	-0.2	1.921	-0.922
893A 09H 7	12	79.85	56.027	79.39	55.585	80.285	54623	2.068	-0.141	2.082	-0.727
893A 09H 7	19	79.9	56.066	79.44	55.639	80.335	54655	2.194	0.059		
893A 09H 7	26	79.96	56.12	79.51	55.705	80.405	54694	1.933	-0.053	1.654	-0.929
893A 09H 7	33	80.02	56.17	79.57	55.77	80.465	54774	1.751	0.006	1.325	-0.776
893A 09H 7	38	80.07	56.212	79.62	55.825	80.515	54849	1.733	-0.06	1.909	-0.554
893A 09H 7	45	80.14	56.271	79.69	55.912	80.585	54968	2.069	-0.096	1.716	-0.815
893A 09H 7	52	80.21	56.33	79.76	55.989	80.655	55072	1.842	0.029	1.608	-0.578
893A 09H 7	59	80.28	56.39	79.84	56.065	80.735	55176	1.944	-0.021	2.136	-0.628
893A 09H 7	68	80.37	56.465	79.93	56.163	80.825	55310	1.675	0.048	1.651	-0.921
893A 09H 7	75	80.435	56.52	80	56.24	80.895	55414	2.143	0.058	1.854	-0.744
893A 09H 7	82	80.5	56.575	80.06	56.316	80.955	55518	1.5	0.239	1.694	-0.779
893A 09H 7	89	80.57	56.634	80.13	56.393	81.025	55622	1.846	-0.879	1.795	-1.453
893A 09H 7	98	80.62	56.676	80.19	56.447	81.085	55697	1.514	0.34	1.817	-0.844
893A 09H 7	102	80.66	56.71	80.23	56.491	81.125	55756	1.489	-0.086	1.594	-1.31
893A 09H 7	105	80.69	56.735	80.26	56.524	81.155	55801	1.548	0	1.24	-0.873
893A 09H 7	112	80.76	56.794	80.33	56.6	81.225	55905	1.4	0.454	1.559	-0.853
893A 09H 7	119	80.83	56.853	80.4	56.688	81.295	56024	1.801	0.104	1.86	-0.817
893A 09H 7	126	80.9	56.912	80.47	56.764	81.365	56128	1.608	0.111	1.646	-1.015
893A 09H 7	133	80.97	56.971	80.55	56.841	81.445	56232	1.614	0.191	1.797	-0.797
893A 09H 7	138	81.02	57.013	80.6	56.895	81.495	56307	1.507	-0.453	0.963	-1.034
893A 09H 7	140	81.04	57.03	80.62	56.917	81.515	56336	1.446	0.381	0.915	-0.89
893A 09H 7	147	81.11	57.089	80.69	56.994	81.585	56440	1.659	0.185	1.372	-0.976
893A 09H 8	5	81.18	57.13	80.76	57.081	81.655	56560	1.838	-0.023	1.755	-0.619
893A 09H 8	12	81.24	57.199	80.82	57.147	81.715	56649	1.548	0.05	1.62	-0.936
893A 09H 8	18	81.3	57.249	80.88	57.212	81.775	56738	1.629	0.176	1.524	-0.939
893A 09H 8	25	81.37	57.308	80.95	57.289	81.845	56842	1.795	-0.205	0.676	-1.098
893A 09H 8	32	81.44	57.368	81.02	57.365	81.915	56946	1.696	0.224	0.779	-1.17
893A 09H 8	39	81.51	57.427	81.09	57.442	81.985	57050	1.86	0.037	1.445	-0.997
893A 09H 8	46	81.58	57.486	81.17	57.518	82.065	57155	1.533	0.267	0.531	-1.305
893A 09H 8	54	81.66	57.553	81.25	57.605	82.145	57274	1.769	-0.845	1.735	-0.675
893A 09H 8	61	81.73	57.612	81.32	57.682	82.215	57378	1.598	0.417	1.21	-1.145
893A 09H 8	68	81.8	57.671	81.39	57.758	82.285	57482	1.645	0.322	1.088	-0.938
893A 09H 8	75	81.87	57.73	81.46	57.835	82.355	57586	1.947	-0.084	1.636	-1.126
893A 09H 8	87	81.99	57.831	81.58	57.966	82.475	57764	2.102	-0.041	2.338	-0.426
893A 09H C	4	82.06	57.897	81.63	58.031	82.525	57854	1.961	0.202	1.621	-0.89
893A 09H C	12	82.17	57.977	81.7	58.097	82.595	57943	1.5	0.288	1.113	-0.973
893A 09H C	19	82.26	58.047	81.75	58.163	82.645	58032	1.696	0.308	1.056	-0.906
893A 09H C	26	82.35	58.137	81.81	58.217	82.705	58107	2.331	0.033	2.441	-0.711
893A 09H C	33	82.44	58.187	81.86	58.283	82.755	58196	2.214	0.159	2.598	-0.657
893A 10H 1	5	82.52	58.275	81.92	58.337	82.815	58285	1.947	0.159	1.545	-0.878
893A 10H 1	12	82.59	58.337	81.99	58.414	82.885	58452	2.085	-0.283	1.869	-0.582
893A 10H 1	19	82.66	58.397	82.06	58.49	82.955	58630	2.24	-0.144	2.008	-0.81
893A 10H 1	26	82.73	58.456	82.13	58.567	83.025	58808	2.293	-0.132	2.229	-0.818
893A 10H 1	33	82.8	58.514	82.2	58.643	83.095	58986	2.336	-0.408	2.238	-0.664
893A 10H 1	40	82.87	58.573	82.27	58.72	83.165	59163	2.339	-0.203	2.052	-0.703
893A 10H 1	45	82.92	58.616	82.32	58.774	83.215	59290			1.938	-1.416
893A 10H 1	45	82.92	58.616	82.32	58.774	83.215	59290	2.209	-1.075	2.03	-1.43
893A 10H 1	52	82.99	58.675	82.39	58.851	83.285	59468	2.449	-0.193	2.317	-0.871
893A 10H 1	59	83.06	58.734	82.46	58.927	83.355	59646	2.388	-0.154	2.428	-0.763
893A 10H 1	66	83.13	58.793	82.53	59.047	83.425	59824	2.536	-0.145	2.383	-0.798
893A 10H 1	75	83.22	58.869	82.62	59.243	83.515	60052	2.23	-0.337	2.073	-0.693
893A 10H 1	82	83.29	58.928	82.69	59.395	83.585	60230	2.488	-0.112	2.041	-0.64
893A 10H 1	89	83.36	58.987	82.76	59.547	83.655	60408	2.385	-0.141	2.347	-0.665
893A 10H 1	97	83.44	59.055	82.84	59.721	83.735	60611	2.424	-0.088	2.154	-0.776
893A 10H 1	108	83.51	59.113	82.91	59.873	83.805	60789	2.288	-0.304	2.228	-0.758
893A 10H 1	115	83.58	59.172	82.98	60.025	83.875	60966	2.608	-0.207	2.2	-0.561
893A 10H 1	122	83.64	59.224	83.04	60.156	83.935	61119	2.527	-0.115	2.009	-0.39
893A 10H 1	135	83.74	59.307	83.14	60.373	84.035	61373	2.433	-0.016	2.208	-0.688
893A 10H 1	142	83.81	59.363	83.21	60.525	84.105	61551	2.498	-0.128	2.234	-0.724
893A 10H 2	25	84.12	59.628	83.52	61.221	84.415	62338	2.423	-0.08	2.499	-0.655
893A 10H 2	55	84.41	59.872	83.82	61.851	84.715	63100	2.239	-0.38	2.285	-0.523
893A 10H 2	85	84.71	60.125	84.12	62.525	85.015	63861	2.166	-0.159	2.061	-0.687
893A 10H 2	115	85.01	60.378	84.43	63.177	85.325	64260	2.29	-0.319	2.192	-0.588
893A 10H 3	5	85.4	60.707	84.82	64.025	85.715	64562	2.491	-0.18	2.791	-0.501
893A 10H 3	35	85.7	60.96	85.1	64.22	85.995	64778	2.374	-0.032	2.264	-0.572
893A 10H 3	71		61.258			0		2.361	-0.194		
893A 10H 3	105	86.4	61.551	85.76	64.563	86.655		2.421	-0.273	2.706	-0.455
893A 10H 3	135	86.7	61.804	86.04	64.714	86.935		2.459	-0.289	2.672	-0.593
