Years_B1950	Depth_cm	UK37	SST_C
6825.4	9.5	0.9	25.95
6849.6	13.5	0.828	23.75
6879.7	18.5	0.92	26.55
6909.9	23.5	0.815	23.35
6940.1	28.5	0.909	26.22
6970.3	33.5	0.778	22.23
7000.5	38.5	0.895	25.78
7030.7	43.5	0.819	23.48
7060.9	48.5	0.883	25.44
7121.3	58.5	0.847	24.34
7151.5	63.5	0.866	24.91
7181.7	68.5	0.844	24.24
7211.9	73.5	0.773	22.1
7242.1	78.5	0.879	25.31
7272.2	83.5	0.825	23.67
7302.4	88.5	0.92	26.55
7332.6	93.5	0.808	23.16
7393	103.5	0.805	23.06
7423.2	108.5	0.874	25.17
7453.4	113.5	0.872	25.1
7483.6	118.5	0.864	24.84
7513.8	123.5	0.798	22.85
7544	128.5	0.854	24.54
7574.2	133.5	0.835	23.97
7604.4	138.5	0.901	25.98
7634.5	143.5	0.809	23.19
7661.7	148	0.808	23.14
7688.9	152.5	0.776	22.19
7719.1	157.5	0.87	25.02
7749.3	162.5	0.796	22.8
7779.5	167.5	0.888	25.59
7809.7	172.5	0.798	22.84
7839.9	177.5	0.834	23.93
7870	182.5	0.798	22.85
7900.2	187.5	0.874	25.14
7930.4	192.5	0.78	22.31
7960.6	197.5	0.816	23.38
8021	207.5	0.846	24.29
8051.2	212.5	0.8	22.9
8081.4	217.5	0.927	26.77
8141.8	227.5	0.887	25.53
8172	232.5	0.811	23.25
8202.2	237.5	0.885	25.47
8240.7	242.5	0.789	22.59
8371.8	259.5	0.721	20.53
8442.7	267.5	0.739	21.05
8549.1	279.5	0.765	21.85
8766.4	304.5	0.794	22.72
8929	324.5	0.768	21.94
9098.9	344.5	0.76	21.71
9200.1	358.5	0.77	21.99
9349.9	384.5	0.761	21.72
9527.2	404.5	0.745	21.26
9704.6	424.5	0.76	21.7
9873.1	492.5	0.78	22.29
9952.4	502.5	0.772	22.07
10111	522.5	0.783	22.38
10248.9	547.5	0.814	23.32
10277	552.5	0.759	21.66
10310.6	558.5	0.745	21.23
10333.1	562.5	0.749	21.35
10361.1	567.5	0.739	21.06
10392.5	573.5	0.796	22.8
10413.5	577.5	0.79	22.6
10441.9	582.5	0.774	22.14
10470.2	587.5	0.792	22.68
10470.2	587.5	0.73	20.79
10498.6	592.5	0.72	20.5
10555.3	602.5	0.726	20.67
10578	606.5	0.839	24.09
10612.1	612.5	0.715	20.33
10640.5	617.5	0.791	22.63
10663.2	621.5	0.711	20.2
10697.2	627.5	0.836	24.01
10663.2	632.5	0.764	21.82
10748.6	637.5	0.846	24.31
10850.4	960.5	0.803	23.01
10890.1	967.5	0.776	22.19
10918.5	972.5	0.867	24.93
10946.9	977.5	0.782	22.36
10975.2	982.5	0.846	24.3
11003.6	987.5	0.757	21.62
11032	992.5	0.867	24.95
11060.4	997.5	0.769	21.97
11088.7	1002.5	0.832	23.87
11117.1	1007.5	0.749	21.38
11145.5	1012.5	0.823	23.61
11173.8	1017.5	0.801	22.94
11202.2	1022.5	0.855	24.58
11230.6	1027.5	0.805	23.07
11253.3	1031.5	0.795	22.76
11259	1032.5	0.846	24.31
11309	1039.5	0.795	22.77
11330.5	1042.5	0.878	25.27
11379.5	1047.5	0.756	21.56
11438.2	1053.5	0.821	23.53
11475.7	1057.5	0.799	22.89
11522.6	1062.5	0.799	22.88
11569.4	1067.5	0.761	21.74
11616.3	1072.5	0.825	23.68
11663.1	1077.5	0.765	21.84
11710	1082.5	0.809	23.19
11756.8	1087.5	0.761	21.73
11850.6	1097.5	0.838	24.05
11897.4	1102.5	0.867	24.93
11944.3	1107.5	0.789	22.58
11991.1	1112.5	0.814	23.33
12038	1117.5	0.791	22.64
12084.8	1122.5	0.841	24.15
12131.7	1127.5	0.766	21.87
12178.5	1132.5	0.854	24.55
12225.4	1137.5	0.762	21.77
12272.2	1142.5	0.804	23.02
12319.1	1147.5	0.797	22.83
12365.9	1152.5	0.86	24.72
12412.8	1157.5	0.807	23.12
12459.6	1162.5	0.837	24.02
12506.5	1167.5	0.826	23.7
12553.4	1172.5	0.81	23.23
12581.5	1175.5	0.826	23.69
12600.2	1177.5	0.836	24.01
12647.1	1182.5	0.716	20.36
12693.9	1187.5	0.8	22.92
12740.8	1192.5	0.841	24.14
12787.3	1197.5	0.843	24.2
12842	1203.5	0.818	23.46
12879.5	1207.5	0.812	23.27
13057.5	1226.5	0.747	21.31
13629.1	1287.5	0.716	20.37
13816.5	1307.5	0.743	21.19
14352.4	1365.5	0.726	20.67
14557.3	1387.5	0.672	19.04
14743.6	1407.5	0.762	21.76
14929.9	1427.5	0.747	21.32
15125.5	1448.5	0.714	20.29
15311.8	1468.5	0.75	21.4
15498.1	1488.5	0.735	20.94
15670.5	1506.5	0.737	20.99
15860.5	1527.5	0.727	20.69
16018.9	1547.5	0.737	21
16577.8	1607.5	0.673	19.05
16764.1	1627.5	0.607	17.07
16916.3	1647.5	0.685	19.43
16989.1	1667.5	0.663	18.77
17132.7	1708.5	0.638	17.99
17201.9	1727.5	0.645	18.21
17278.2	1748.5	0.641	18.08
17351	1768.5	0.639	18.03
17423.7	1788.5	0.668	18.9
17507.4	1887.5	0.614	17.27
17658.7	2008.5	0.649	18.32
17731.5	2028.5	0.689	19.56
17797.7	2058.5	0.64	18.05
17872.2	2091.5	0.656	18.56
17900.4	2130.5	0.651	18.41
17977.7	2288.5	0.609	17.13
18046.8	2307.5	0.612	17.21
18119.6	2327.5	0.678	19.22
18192.3	2347.5	0.661	18.71
18257.8	2365.5	0.687	19.48
18410.5	2407.5	0.724	20.62
18483.3	2427.5	0.691	19.62
18559.7	2448.5	0.677	19.18
18705.2	2488.5	0.703	19.97
18776.1	2508.5	0.707	20.1
18848.8	2528.5	0.649	18.33
18921.6	2548.5	0.685	19.42
18999.3	2568.5	0.609	17.11
19080.8	2589.5	0.701	19.9
19157	2608.5	0.746	21.29
19237.1	2628.5	0.635	17.91
19317.3	2648.5	0.782	22.35
19389.3	2668.5	0.712	20.25
19472.1	2691.5	0.76	21.69
19533.3	2708.5	0.721	20.52
19613.5	2728.5	0.694	19.7
19693.6	2748.5	0.731	20.83
19773.8	2768.5	0.671	19
19922.8	2807.5	0.698	19.82
20014.3	2828.5	0.728	20.72
20090.5	2847.5	0.745	21.24
20158.3	2868.5	0.73	20.8
20248.7	2896.5	0.744	21.22
20310.1	2915.5	0.724	20.62
20360.4	2928.5	0.669	18.95
20426.2	2945.5	0.706	20.06
20515.2	2968.5	0.627	17.68
20588.7	2987.5	0.72	20.49
20672.8	3008.5	0.781	22.32
20731.8	3040.5	0.655	18.5
20869.2	3109.5	0.719	20.44
20945.4	3128.5	0.764	21.82
21049.1	3148.5	0.713	20.28
21142.4	3166.5	0.731	20.82
21186.4	3207.5	0.856	24.61
21193.4	3209.5	0.663	18.76
21203.8	3212.5	0.68	19.28
21273.4	3232.5	0.687	19.48
21303.4	3237.5	0.677	19.19
21333.4	3242.5	0.648	18.3
21363.4	3247.5	0.665	18.82
21399.4	3253.5	0.679	19.23
21423.4	3257.5	0.707	20.08
21453.4	3262.5	0.698	19.8
21483.4	3267.5	0.714	20.3
21513.4	3272.5	0.737	21
21537.3	3282.5	0.77	21.99
21554.6	3279.5	0.705	20.03
21600.4	3287.5	0.776	22.19
21629.1	3292.5	0.682	19.35
21643.6	3297.5	0.674	19.1
21730.4	3327.5	0.714	20.3
21744	3332.5	0.754	21.52
21759.3	3337.5	0.725	20.62
21789.3	3342.5	0.773	22.09
21819.3	3347.5	0.735	20.95
21843.9	3352.5	0.761	21.72
21888.2	3361.5	0.808	23.16
22012.4	3393.5	0.731	20.81
22063.2	3407.5	0.75	21.39
22086.2	3417.5	0.74	21.1
22132.1	3422.5	0.709	20.16
22155.1	3427.5	0.697	19.79
22210.2	3439.5	0.761	21.74
22323	3477.5	0.75	21.41
22337.8	3482.5	0.699	19.84
22352.7	3487.5	0.741	21.11
22367.5	3492.5	0.82	23.52
22409.3	3497.5	0.735	20.92
22451.2	3502.5	0.693	19.66
22493	3507.5	0.693	19.65
22534.8	3512.5	0.765	21.85
22579.6	3517.5	0.688	19.53
22624.4	3522.5	0.832	23.87
22669.1	3527.5	0.737	20.99
22713.9	3532.5	0.733	20.88
22758.7	3537.5	0.682	19.34
22803.5	3542.5	0.707	20.09
22848.3	3547.5	0.69	19.59
22919.9	3555.5	0.731	20.83
22919.9	3556.5	0.688	19.5
22982.6	3562.5	0.691	19.6
23027.4	3567.5	0.662	18.72
23072.2	3572.5	0.696	19.74
23117	3577.5	0.776	22.19
23161.8	3582.5	0.691	19.61
23206.5	3587.5	0.659	18.63
23251.3	3592.5	0.691	19.6
23296.1	3597.5	0.755	21.56
23317.5	3602.5	0.648	18.29
23339	3607.5	0.687	19.48
23497.5	3644.5	0.771	22.02
23527.5	3651.5	0.77	22.01
23573.7	3657.5	0.686	19.47
23612.2	3662.5	0.669	18.94
23766.3	3682.5	0.66	18.67
23804.8	3687.5	0.624	17.58
23843.3	3692.5	0.693	19.66
23881.9	3697.5	0.727	20.69
23935.6	3703.5	0.714	20.3
23971.4	3707.5	0.7	19.88
24016.2	3712.5	0.716	20.36
24061	3717.5	0.815	23.37
24105.8	3722.5	0.718	20.43
24150.5	3727.5	0.718	20.42
24195.3	3732.5	0.697	19.78
24240.1	3737.5	0.784	22.42
24289.8	3742.5	0.74	21.08
24339.5	3747.5	0.646	18.25
24389.2	3752.5	0.715	20.34
24438.8	3757.5	0.826	23.7
24499.9	3762.5	0.705	20.03
24573.3	3768.5	0.692	19.64
24622.2	3772.5	0.74	21.09
24683.3	3777.5	0.807	23.12
24744.4	3782.5	0.725	20.63
24805.5	3787.5	0.65	18.36
24866.6	3792.5	0.698	19.81
24940	3798.5	0.671	19
24988.9	3802.5	0.689	19.54
