Years_B1950	Depth_cm	SST_Gradient_UKminusTEX
7030.7	43.5	5.09
7060.9	48.5	7.13
7121.3	58.5	5.89
7151.5	63.5	6.55
7181.7	68.5	5.98
7242.1	78.5	7.23
7272.2	83.5	5.83
7302.4	88.5	8.51
7332.6	93.5	5.07
7393	103.5	6.13
7423.2	108.5	8.35
7453.4	113.5	8.09
7483.6	118.5	7.62
7513.8	123.5	5.54
7544	128.5	7.26
7574.2	133.5	7
7634.5	143.5	6.33
7719.1	157.5	8.37
7749.3	162.5	5.88
7779.5	167.5	7.9
7809.7	172.5	5.26
7870	182.5	5.53
7900.2	187.5	7.68
7930.4	192.5	4.66
7960.6	197.5	6.03
8021	207.5	6.93
8051.2	212.5	5.48
8141.8	227.5	8.18
8172	232.5	5.88
8202.2	237.5	8.18
8240.7	242.5	5.26
8371.8	259.5	3.43
8549.1	279.5	4.96
8766.4	304.5	5.56
8929	324.5	4.85
9098.9	344.5	4.75
9200.1	358.5	4.98
9349.9	384.5	4.88
9527.2	404.5	4.25
9704.6	424.5	4.17
9873.1	492.5	4.62
9952.4	502.5	4.44
10111	522.5	4.79
10248.9	547.5	5.46
10277	552.5	3.63
10310.6	558.5	3
10361.1	567.5	2.89
10392.5	573.5	4.31
10413.5	577.5	4.2
10441.9	582.5	3.8
10470.2	587.5	4.4
10555.3	602.5	2.35
10578	606.5	7.14
10640.5	617.5	5.52
10697.2	627.5	7.04
10748.6	637.5	7.33
10850.4	960.5	6.28
10918.5	972.5	8.23
10946.9	977.5	5.68
10975.2	982.5	7.54
11032	992.5	6.87
11088.7	1002.5	6.19
11117.1	1007.5	3.65
11145.5	1012.5	5.9
11173.8	1017.5	5.33
11202.2	1022.5	6.99
11259	1032.5	6.88
11309	1039.5	5.54
11330.5	1042.5	8.24
11438.2	1053.5	6.7
11475.7	1057.5	6.56
11522.6	1062.5	6.58
11616.3	1072.5	7.78
11663.1	1077.5	6.04
11710	1082.5	7.39
11756.8	1087.5	5.98
11850.6	1097.5	8.12
11897.4	1102.5	9.11
11991.1	1112.5	6.3
12084.8	1122.5	7.02
12178.5	1132.5	7.54
12272.2	1142.5	5.74
12365.9	1152.5	7.52
12412.8	1157.5	5.84
12459.6	1162.5	7.24
12506.5	1167.5	7.61
12553.4	1172.5	7.07
12581.5	1175.5	7.65
12600.2	1177.5	7.97
12693.9	1187.5	7.04
12740.8	1192.5	8.5
12787.3	1197.5	8.73
12842	1203.5	8.09
12879.5	1207.5	8
13057.5	1226.5	6.04
13629.1	1287.5	5.11
13816.5	1307.5	6.04
14352.4	1365.5	5.98
14557.3	1387.5	4.26
14743.6	1407.5	6.88
14929.9	1427.5	6.79
15125.5	1448.5	6.09
15311.8	1468.5	7.56
15498.1	1488.5	7.16
15670.5	1506.5	7.16
15860.5	1527.5	6.83
16018.9	1547.5	7.4
16577.8	1607.5	5.5
16764.1	1627.5	3.67
16916.3	1647.5	6.2
16989.1	1667.5	5.48
17132.7	1708.5	5.09
17201.9	1727.5	5.21
17278.2	1748.5	4.88
17351	1768.5	5.19
17423.7	1788.5	6.03
17507.4	1887.5	5.22
17658.7	2008.5	6.72
17731.5	2028.5	8.11
17797.7	2058.5	6.73
17872.2	2091.5	7.44
17900.4	2130.5	7.08
17977.7	2288.5	5.91
18046.8	2307.5	5.4
18119.6	2327.5	7.34
18192.3	2347.5	6.64
18257.8	2365.5	7.16
18410.5	2407.5	8.12
18483.3	2427.5	6.84
18559.7	2448.5	6.23
18705.2	2488.5	6.83
18776.1	2508.5	6.78
18848.8	2528.5	4.99
18921.6	2548.5	6.28
18999.3	2568.5	4.01
19080.8	2589.5	6.78
19157	2608.5	8.11
19237.1	2628.5	4.81
19317.3	2648.5	9.22
19389.3	2668.5	7.21
19472.1	2691.5	8.73
19533.3	2708.5	7.68
19613.5	2728.5	6.77
19693.6	2748.5	7.75
19773.8	2768.5	6.05
19922.8	2807.5	6.39
20014.3	2828.5	7.29
20090.5	2847.5	7.81
20158.3	2868.5	7.32
20248.7	2896.5	7.65
20310.1	2915.5	6.98
20360.4	2928.5	5.26
20426.2	2945.5	6.37
20515.2	2968.5	4.19
20588.7	2987.5	7.11
20672.8	3008.5	9.21
20731.8	3040.5	5.04
20869.2	3109.5	6.89
20945.4	3128.5	8.01
21049.1	3148.5	6.54
21142.4	3166.5	7.09
21186.4	3207.5	10.81
21193.4	3209.5	4.85
21423.4	3257.5	6.13
21453.4	3262.5	5.38
21483.4	3267.5	6.11
21513.4	3272.5	6.8
21600.4	3287.5	7.91
21744	3332.5	7.46
21759.3	3337.5	6.89
21789.3	3342.5	8.21
21888.2	3361.5	9.59
22012.4	3393.5	7.21
22063.2	3407.5	7.9
22086.2	3417.5	7.62
22132.1	3422.5	6.53
22210.2	3439.5	8.33
22323	3477.5	7.52
22337.8	3482.5	5.91
22367.5	3492.5	9.76
22409.3	3497.5	7.24
22451.2	3502.5	6.05
22534.8	3512.5	8.06
22579.6	3517.5	5.62
22624.4	3522.5	10.17
22669.1	3527.5	7.33
22848.3	3547.5	5.59
22919.9	3555.5	7.04
22919.9	3556.5	5.81
23027.4	3567.5	4.84
23072.2	3572.5	5.84
23117	3577.5	8.27
23161.8	3582.5	5.96
23206.5	3587.5	5.09
23251.3	3592.5	6.05
23296.1	3597.5	7.94
23339	3607.5	5.88
23497.5	3644.5	8.35
23573.7	3657.5	5.84
23612.2	3662.5	5.35
23766.3	3682.5	4.79
23804.8	3687.5	3.63
23843.3	3692.5	5.63
23971.4	3707.5	5.95
24061	3717.5	9.52
24105.8	3722.5	6.53
24150.5	3727.5	6.55
24195.3	3732.5	5.74
24240.1	3737.5	8.39
24339.5	3747.5	4.19
24389.2	3752.5	6.28
24573.3	3768.5	5.44
24744.4	3782.5	6.31
24805.5	3787.5	4.05
