Years_B1950	Depth_cm	Opal_percent
6789.2	3.5	44.7
6816.3	8	47.9
6840.5	12	35.2
6870.7	17	32.3
6900.9	22	30.4
6931.1	27	38.8
6961.3	32	36.7
6991.5	37	28.3
7021.7	42	28.2
7051.8	47	31.7
7082	52	38.4
7112.2	57	33.9
7142.4	62	34.5
7172.6	67	33.6
7202.8	72	39
7233	77	38.9
7263.2	82	30.3
7293.4	87	27.3
7323.6	92	33.6
7353.8	97	25
7384	102	29
7414.1	107	39.3
7444.3	112	30.2
7474.5	117	42
7504.7	122	43.5
7534.9	127	14.3
7565.1	132	39.3
7595.3	137	37.9
7625.5	142	33.9
7654.2	146.75	34.3
7682.9	151.5	31.4
7713	156.5	31.7
7743.2	161.5	33.7
7773.4	166.5	42
7803.6	171.5	37.1
7833.8	176.5	23
7864	181.5	36.8
7894.2	186.5	37
7924.4	191.5	38.8
7954.6	196.5	36
7984.8	201.5	39.7
8015	206.5	30.6
8045.2	211.5	31.8
8075.3	216.5	34.3
8105.5	221.5	24.4
8135.7	226.5	42.4
8165.9	231.5	41
8196.1	236.5	36.4
8226.3	241.5	35.4
8256.5	246.5	38.1
8300.8	251.5	39.5
8345.2	256.5	34.2
8374	259.75	30.1
8398.4	262.5	37.8
8478.2	271.5	42.8
8522.5	276.5	43.5
8566.9	281.5	38.8
8611.2	286.5	42.1
8655.5	291.5	34.7
8702.1	296.75	29.5
8739.8	301.5	40.1
8784.1	306.5	44.4
8839.5	312.75	33.2
8872.8	316.5	37.3
8919.3	321.75	40.1
8961.5	326.5	34.9
9005.8	331.5	28.9
9050.1	336.5	37.5
9081.2	342	41.5
9123.7	348	39.7
9161.4	352.25	24.3
9190.2	355.5	30.9
9247.9	373	35.3
9278.9	376.5	34.1
9323.3	381.5	38
9367.6	386.5	34.8
9411.9	391.5	29.3
9456.3	396.5	28
9500.6	401.5	30.5
9536.1	405.5	28.5
9589.3	411.5	36.3
9633.6	416.5	29.7
9678	421.5	25
9713.4	425.5	25.3
9766.6	431.5	30.9
9875.3	493.75	26
9917.4	498.5	32.6
9944	501.5	25.6
9988.3	506.5	28.4
10032.7	511.5	22.1
10077	516.5	24.3
10105.4	521.5	25.4
10133.7	526.5	31.8
10156.4	530.5	26.5
10186.5	536.5	24.8
10214.9	541.5	30
10243.3	546.5	22.3
10271.6	551.5	21.5
10305.7	557.5	24.7
10328.4	561.5	21.6
10353.9	566	25.6
10385.1	572.5	26.4
10407.8	576.5	24.9
10436.2	581.5	23.6
10464.6	586.5	32.7
10492.9	591.5	42.4
10521.3	596.5	30.5
10549.7	601.5	29.1
10606.4	611.5	25.8
10634.8	616.5	33.3
10657.5	620.5	30.2
10691.5	626.5	24.6
10719.9	631.5	30.6
10748.3	636.5	17
10844.7	959.5	37.7
10884.5	966.5	24.7
10912.8	971.5	36.4
10941.2	976.5	31.1
10969.6	981.5	34.5
10997.9	986.5	28.9
11026.3	991.5	32
11054.7	996.5	33.4
11083.1	1001.5	30.1
11111.4	1006.5	27.1
11139.8	1011.5	32.1
11168.2	1016.5	31.7
11196.5	1021.5	23.5
11224.9	1026.5	31.2
11253.3	1031.5	31.2
11281.7	1036.5	33.9
11293	1038.5	31.3
11321.1	1041.5	27.5
11368	1046.5	13.2
11428.9	1052.5	16.3
11466.4	1056.5	17
11513.2	1061.5	14.2
11560.1	1066.5	14.1
11606.9	1071.5	14.2
11653.8	1076.5	16.3
11700.6	1081.5	15
11747.5	1086.5	15.6
11794.3	1091.5	17
11841.2	1096.5	13
11888	1101.5	17.2
11934.9	1106.5	17.6
11981.7	1111.5	25.8
12028.6	1116.5	27.7
12075.4	1121.5	20.9
12122.3	1126.5	30.1
12169.2	1131.5	21.5
12216	1136.5	20.1
12262.9	1141.5	31
12309.7	1146.5	30.6
12356.6	1151.5	21.1
12403.4	1156.5	32.7
12450.3	1161.5	29.8
12497.1	1166.5	33.2
12544	1171.5	32.8
12590.8	1176.5	32
12637.7	1181.5	31.4
12684.5	1186.5	28.6
12731.4	1191.5	40.5
12778.2	1196.5	38.3
12832.6	1202.5	34.7
12870.1	1206.5	37.1
12916.9	1211.5	36.2
12963.8	1216.5	38.1
13020	1222.5	28
13076.2	1228.5	32.8
13095	1230.5	32.8
13151.2	1236.5	35
13198.1	1241.5	36.1
13244.9	1246.5	36.3
13291.8	1251.5	36.9
13338.6	1256.5	41.6
13385.5	1261.5	38.2
13432.3	1266.5	33
13479.2	1271.5	36.6
13526	1276.5	33
13572.9	1281.5	33.5
13619.7	1286.5	33
13666.6	1291.5	30.7
13713.4	1296.5	31.8
13760.3	1301.5	35.6
13807.1	1306.5	36.9
13854	1311.5	36.4
13900.6	1316.5	38.7
13947.2	1321.5	31.4
13993.7	1326.5	34.8
14040.3	1331.5	35.9
14086.9	1336.5	40.4
14133.5	1341.5	37.4
14180	1346.5	33.2
14231.3	1352.5	31.1
14268.5	1356.5	41
14315.1	1361.5	35
14343.1	1364.5	38
14361.7	1366.5	32.4
14408.3	1371.5	30.5
14454.8	1376.5	30.1
14501.4	1381.5	27.5
14538.7	1385.5	38.8
14594.6	1391.5	22.8
14641.1	1396.5	18.2
14687.7	1401.5	31.7
14734.3	1406.5	34.7
14780.9	1411.5	38.3
14827.4	1416.5	26.2
14874	1421.5	37.2
14920.6	1426.5	23.4
14967.2	1431.5	39.6
15013.7	1436.5	24.5
15060.3	1441.5	27.2
15106.9	1446.5	26.9
15153.5	1451.5	29
15200.1	1456.5	28.2
15255.9	1462.5	31.9
15293.2	1466.5	23.9
15339.8	1471.5	18.9
15363.1	1474	11
15432.9	1481.5	25.3
15479.5	1486.5	30.2
15526.1	1491.5	24.8
15572.7	1496.5	20.9
15623.9	1501.5	22.1
15642.5	1503.5	31.5
15684.4	1508	24.2
15726.4	1512.5	23.2
15763.6	1516.5	17.7
15810.2	1521.5	25.8
15856.8	1526.5	22.6
15875.4	1531.5	17.6
15916.4	1536.5	16.2
15963	1541.5	13
16009.6	1546.5	13.7
16056.1	1551.5	17.8
16102.7	1556.5	19.6
16149.3	1561.5	19.2
16195.9	1566.5	26.3
16242.4	1571.5	13.2
16289	1576.5	7.6
16335.6	1581.5	10.7
16382.2	1586.5	10.9
16428.7	1591.5	13.3
16475.3	1596.5	17.8
16521.9	1601.5	18.4
16568.5	1606.5	13
16615	1611.5	9.8
16661.6	1616.5	9.5
16708.2	1621.5	9.3
16754.8	1626.5	8.9
16801.3	1631.5	9.5
16847.9	1636.5	9.3
16894.5	1641.5	8.9
16912.7	1646.5	9.6
16934.5	1652.5	11
16949.1	1656.5	9.6
16967.2	1661.5	12.2
16985.4	1666.5	14.6
17003.6	1671.5	18.6
17021.8	1676.5	24.4
17036.4	1680.5	17.2
17060	1688.5	10
17070.9	1691.5	11.2
17089.1	1696.5	12.5
17107.3	1701.5	27.7
17125.5	1706.5	28
17143.7	1711.5	34.4
17161.8	1716.5	25.7
17180	1721.5	23.5
17198.2	1726.5	12.2
17216.4	1731.5	48.6
17234.6	1736.5	10.7
17252.8	1741.5	24.6
17271	1746.5	22.7
17289.2	1751.5	34
17307.3	1756.5	21.9
17325.5	1761.5	15.8
17343.7	1766.5	19.5
17361.9	1771.5	31.3
17380.1	1776.5	38
17398.3	1781.5	32.3
17416.5	1786.5	22.4
17434.6	1791.5	13.2
17452.8	1796.5	18.7
17496.5	1884.5	18.5
17518.3	1890.5	19.1
17536.5	1895.5	20.7
17551	1899.5	24.7
17572.9	1906.5	23.5
17593.2	1913.5	16
17636.9	2002.5	25.7
17651.4	2006.5	27.7
17673.3	2012.5	11.1
17687.8	2016.5	19.2
17706	2021.5	20.6
17724.2	2026.5	17.5
17742.4	2031.5	20.7
17760.5	2036.5	7.5
17771.5	2039.5	18
17790.4	2056.5	18.5
17804.9	2060.5	28.8
17863.1	2088.5	18.7
17890.4	2097.5	13.3
17900.6	2131	23.4
17970.4	2286.5	23.8
17988.6	2291.5	23.5
18006.8	2296.5	24.5
18025	2301.5	25.6
18043.2	2306.5	26.7
18061.4	2311.5	25
18079.5	2316.5	25.6
18097.7	2321.5	22.1
18115.9	2326.5	27
18134.1	2331.5	23.3
18152.3	2336.5	19.5
18170.5	2341.5	29.7
18188.7	2346.5	23.2
18206.9	2351.5	32.3
18225	2356.5	15.4
18243.2	2361.5	23
18261.4	2366.5	27.2
18283.2	2372.5	24.6
18297.8	2376.5	27.4
18316	2381.5	25
18334.2	2386.5	28.7
18352.3	2391.5	31.8
18370.5	2396.5	24.4
18388.7	2401.5	19.7
18406.9	2406.5	25.5
18425.1	2411.5	21.8
18443.3	2416.5	25
18461.5	2421.5	30.4
18497.8	2431.5	31.6
18516	2436.5	27.2
18534.2	2441.5	20.7
18552.4	2446.5	27.4
18570.6	2451.5	25
18588.8	2456.5	23.9
18607	2461.5	26
18625.1	2466.5	27.7
18643.3	2471.5	23.8
18661.5	2476.5	25.6
18679.7	2481.5	19.2
18697.9	2486.5	24.5
18734.3	2496.5	25.7
18754.3	2502.5	16.4
18768.8	2506.5	18.5
18787	2511.5	23.3
18805.2	2516.5	25.6
18823.4	2521.5	27.8
18841.6	2526.5	27.9
18877.9	2536.5	26.9
18896.1	2541.5	32.2
18914.3	2546.5	25.3
18932.5	2551.5	24.1
18952.5	2556.5	20.4
18972.6	2561.5	21.7
18992.6	2566.5	24.9
19012.7	2571.5	22.5
19068.8	2586.5	29.9
19088.8	2591.5	25.2
19108.9	2596.5	25.2
19128.9	2601.5	25.3
19148.9	2606.5	22.1
19169	2611.5	26.7
19189	2616.5	29.4
19209.1	2621.5	22.7
19229.1	2626.5	29.3
19249.1	2631.5	25.5
19269.2	2636.5	11.9
19289.2	2641.5	24.6
19309.3	2646.5	25.4
19337.3	2653.5	22.3
19353.4	2657.5	12.2
19369.4	2661.5	20.2
19389.4	2666.5	17.2
19409.5	2671.5	16.2
19429.5	2676.5	18.6
19443.9	2684.5	16.1
19457.6	2688.5	14
19475.2	2693.5	15.9
19487.2	2696.5	17
19505.3	2701.5	20.1
19525.3	2706.5	18.2
19549.4	2712.5	23.7
19549.4	2712.5	22.3
19565.4	2716.5	23.1
19605.5	2726.5	26.5
19625.5	2731.5	23.2
19645.6	2736.5	18.1
19665.6	2741.5	21.7
19705.7	2751.5	23.4
19725.7	2756.5	23.8
19745.8	2761.5	23.2
19765.8	2766.5	26.1
19785.8	2771.5	21.1
19805.9	2776.5	18.4
19825.9	2781.5	15.4
19846	2786.5	33.7
19866	2791.5	29.6
19886	2796.5	27.8
19910.1	2802.5	23.6
19926.1	2806.5	25.5
19946.2	2811.5	23.9
19966.2	2816.5	13.7
19986.2	2821.5	21.2
20006.3	2826.5	33.8
20026.3	2831.5	21.5
20046.4	2836.5	26.2
20066.4	2841.5	26.4
20086.4	2846.5	19.5
20106.5	2851.5	15.6
20126.5	2856.5	20.7
20146.6	2861.5	21.9
20166.6	2866.5	27.7
20186.7	2871.5	27.3
20206.7	2876.5	29.1
20236.4	2890.5	19.6
20262	2898.5	13.3
20298.1	2912.5	23.8
20314.1	2916.5	23.3
20334.2	2921.5	23.3
20354.2	2926.5	25.1
20374.2	2931.5	14.3
20394.3	2936.5	19.2
20414.3	2941.5	23.6
20434.4	2946.5	18.5
20464.4	2956.5	14.5
20484.5	2961.5	17.5
20504.5	2966.5	21.1
20524.5	2971.5	16.3
20544.6	2976.5	21.2
20564.6	2981.5	15.8
20584.7	2986.5	19.7
20604.7	2991.5	22.3
20624.7	2996.5	28
20644.8	3001.5	24.5
20664.8	3006.5	19.9
20684.9	3011.5	20.5
20704.9	3016.5	13.6
20733	3041.5	30.8
20761	3062.5	24.9
20789.1	3089.5	33.9
20813.1	3095.5	19.7
20841.2	3102.5	20.2
20857.2	3106.5	15.5
20877.3	3111.5	13.6
20897.3	3116.5	22.9
20917.3	3121.5	20.4
20937.4	3126.5	21.9
20957.4	3131.5	17.9
20977.5	3136.5	17.7
20997.5	3141.5	18.6
21027.5	3146.5	23.5
21057.5	3151.5	19.3
21087.5	3156.5	21.2
21117.5	3161.5	19.3
21141.5	3165.5	21
21180.4	3206.5	31.7
21210.4	3211.5	25.6
21240.4	3216.5	28.4
21267.4	3231.5	13.1
21297.4	3236.5	20.6
21327.4	3241.5	24.8
21357.4	3246.5	21.3
21393.4	3252.5	25.3
21417.4	3256.5	21.4
21447.4	3261.5	26.7
21477.4	3266.5	22.8
21507.4	3271.5	26.1
21531.3	3275.5	22.3
21549.3	3278.5	20.1
21567.3	3281.5	22.9
21597.3	3286.5	22.2
21623.1	3291.5	25.6
21653.1	3296.5	24.6
21693.3	3326.5	21.9
21723.3	3331.5	22.3
21753.3	3336.5	22.8
21783.3	3341.5	20.4
21813.3	3346.5	23
21843.3	3351.5	25
21882.2	3360.5	18.7
21906.2	3364.5	17.5
21948.2	3386.5	27.3
21966.2	3392.5	23.6
21996.2	3397.5	25.2
22050.2	3406.5	26.4
22080.2	3411.5	24.5
22110.2	3416.5	17.7
22140.2	3421.5	36.1
22208.6	3438.5	27.2
22271.5	3476.5	28.3
22301.5	3481.5	21.8
22331.5	3486.5	16.1
22361.5	3491.5	15.7
22391.5	3496.5	15.6
22436.3	3501.5	18.6
22481.1	3506.5	14.2
22525.8	3511.5	15.3
22570.6	3516.5	18.6
22615.4	3521.5	21.2
22660.2	3526.5	15.2
22705	3531.5	15.6
22749.8	3536.5	17.6
22794.5	3541.5	12.7
22973.7	3561.5	9.6
23063.2	3571.5	17
23108	3576.5	15.9
23152.8	3581.5	26.6
23197.6	3586.5	13.3
23242.4	3591.5	12.1
23287.1	3596.5	30
23331.9	3601.5	27.3
23376.7	3606.5	31.3
23412.5	3610.5	25.9
23437.2	3618.5	30.8
23484.2	3643.5	18
23521.8	3650.5	18.7
23553.2	3656	18.2
23606.9	3661.5	16.5
23678.5	3670	29.2
23683	3672.5	17
23705.4	3681.5	22.6
23738.5	3686.5	14.3
23783.3	3691.5	14.8
23828.1	3696.5	17.2
23872.9	3702.5	22.4
23926.6	3706.5	21.1
23962.5	3711.5	27.5
24007.2	3716.5	23
24052	3721.5	25.3
24141.6	3731.5	25.2
24231.2	3741.5	15.5
24275.9	3746.5	21
24320.7	3751.5	21.9
24365.5	3756.5	19.3
24426.6	3761.5	21.7
24487.7	3767.5	18
24561.1	3771.5	12.9
24610	3776.5	19.5
24671.1	3781.5	13.5
24732.2	3786.5	12.7
24793.3	3791.5	7.7
24854.4	3797.5	10.3
24915.5	3801.5	7.7
24927.7	3806.5	11
24976.6	3811.5	7.6
25029.2	3815.5	18.2
25090.3	3822.5	13.3
