Years_B1950	Depth_cm	TEXH86	SST_C	BIT_index	Branched_GDGT_conc_ppm
6825.4	9.5	0.51	17.9	0.015761758	0.676482211
6879.7	18.5	0.52	18.44	0.02322427	0.122152013
6940.1	28.5	0.512	17.99	0.026718538	0.107390448
7030.7	43.5	0.504	17.56		
7030.7	43.5	0.507	17.72		
7060.9	48.5	0.515	18.16	0.024687177	0.109450927
7091.1	53.5	0.535	19.27	0.020858988	0.954904943
7121.3	58.5	0.528	18.87	0.029982784	0.873614751
7151.5	63.5	0.5	17.34	0.023242016	1.013835674
7181.7	68.5	0.559	20.66	0.014541971	1.2318726
7242.1	78.5	0.496	17.1	0.025669581	0.006214716
7272.2	83.5	0.503	17.5		
7302.4	88.5	0.553	20.27	0.019490176	1.120756851
7332.6	93.5	0.489	16.68		
7332.6	93.5	0.489	16.68		
7393	103.5	0.484	16.44		
7393	103.5	0.493	16.93		
7423.2	108.5	0.562	20.83	0.022154441	2.171681674
7453.4	113.5	0.51	17.88	0.024351709	1.093211269
7483.6	118.5	0.516	18.2	0.025631018	0.915190727
7513.8	123.5	0.472	15.76		
7574.2	133.5	0.532	19.14	0.013563057	0.813422651
7634.5	143.5	0.523	18.62	0.027930325	0.866069767
7719.1	157.5	0.524	18.69	0.034665622	0.047140028
7749.3	162.5	0.502	17.44		
7749.3	162.5	0.488	16.62		
7779.5	167.5	0.506	17.67	0.0287724	0.017380078
7809.7	172.5	0.491	16.79		
7870	182.5	0.479	16.12		
7900.2	187.5	0.521	18.49	0.027675313	0.805548932
7930.4	192.5	0.504	17.55		
7960.6	197.5	0.528	18.89	0.023891194	0.545757784
8021	207.5	0.504	17.56	0.029396999	1.031370709
8051.2	212.5	0.478	16.08		
8141.8	227.5	0.528	18.9	0.014910896	2.466549703
8172	232.5	0.52	18.46		
8202.2	237.5	0.454	14.71	0.025271705	0.076462821
8240.7	242.5	0.491	16.84		
8371.8	259.5	0.489	16.72	0.020516021	0.626313842
8549.1	279.5	0.508	17.77	0.027715522	0.3643199
8766.4	304.5	0.514	18.11	0.013409076	0.553360094
8929	324.5	0.51	17.9		
8953.4	327.5	0.438	13.83	0.029182711	0.255056708
9098.9	344.5	0.49	16.78	0.017046815	0.572888051
9200.1	358.5	0.505	17.62	0.020636871	0.568716131
9349.9	384.5	0.516	18.22	0.02460745	0.501863071
9527.2	404.5	0.48	16.17	0.027011916	0.863741084
9704.6	424.5	0.491	16.79	0.019621977	0.579947357
9873.1	492.5	0.485	16.46	0.029881817	0.512319956
9952.4	502.5	0.517	18.28		
10111	522.5	0.482	16.32	0.028545371	0.54509156
10248.9	547.5	0.54	19.59	0.014559785	2.382899697
10277	552.5	0.53	19		
10310.6	558.5	0.516	18.22		
10361.1	567.5	0.499	17.26	0.018492629	1.11501793
10392.5	573.5	0.51	17.87		
10413.5	577.5	0.526	18.77	0.017756163	2.07738839
10441.9	582.5	0.52	18.44		
10470.2	587.5	0.523	18.6	0.026429926	1.232621697
10527	597.5	0.506	17.67		
10555.3	602.5	0.539	19.53		
10578	606.5	0.524	18.65	0.036939599	1.410859822
10640.5	617.5	0.518	18.33	0.015129525	
10697.2	627.5	0.506	17.66	0.025707964	0.01889876
10748.6	637.5	0.516	18.2	0.018755624	1.154357625
10850.4	960.5	0.501	17.4		
10918.5	972.5	0.549	20.05	0.017291257	1.114355954
10918.5	972.5	0.499	17.27		
10946.9	977.5	0.509	17.81		
10975.2	982.5	0.493	16.93	0.024522337	1.285991001
11032	992.5	0.511	17.96	0.031326556	0.943537672
11088.7	1002.5	0.525	18.75	0.033087784	1.094468407
11117.1	1007.5	0.522	18.54		
11117.1	1007.5	0.497	17.15		
11145.5	1012.5	0.515	18.19	0.029491057	1.049407594
11173.8	1017.5	0.477	16.03		
11202.2	1022.5	0.507	17.73	0.03295457	1.164934064
11259	1032.5	0.525	18.74	0.033087375	1.758627995
11309	1039.5	0.474	15.83		
11330.5	1042.5	0.506	17.67	0	
11438.2	1053.5	0.513	18.04	0.05260172	0.928833081
11438.2	1053.5	0.518	18.33	0.04744031	0.781345322
11475.7	1057.5	0.468	15.55		
11522.6	1062.5	0.48	16.19	0.028189908	0.870169827
11616.3	1072.5	0.442	14.06	0.037924763	1.772488665
11663.1	1077.5	0.473	15.81		
11710	1082.5	0.471	15.68	0.048816237	1.724989382
11756.8	1087.5	0.467	15.47		
11803.7	1092.5	0.457	14.91	0.019991977	1.442442291
11850.6	1097.5	0.491	16.79	0.026890724	1.566576271
11897.4	1102.5	0.5	17.33	0.049	
11991.1	1112.5	0.469	15.59	0.033655834	1.891046771
12084.8	1122.5	0.496	17.08	0.043757045	0.592301102
12178.5	1132.5	0.46	15.09	0.029933129	1.970520242
12178.5	1132.5	0.452	14.65	0.028093909	1.898708083
12272.2	1142.5	0.577	21.63	0.018037761	1.604494134
12365.9	1152.5	0.476	15.98	0.015869654	2.301383499
12365.9	1152.5	0.485	16.47	0.116949634	
12412.8	1157.5	0.483	16.39		
12459.6	1162.5	0.489	16.69	0.042578826	0.694577017
12506.5	1167.5	0.497	17.17	0.029543829	0.055756995
12553.4	1172.5	0.469	15.55	0.032067994	0.070490681
12581.5	1175.5	0.474	15.83		
12600.2	1177.5	0.466	15.42	0.025079412	1.330578119
12693.9	1187.5	0.489	16.68		
12740.8	1192.5	0.453	14.7	0.019578973	1.222747974
12787.3	1197.5	0.489	16.68	0.023384026	1.238912371
12842	1203.5	0.463	15.21	0.01678133	
12879.5	1207.5	0.483	16.39		
13057.5	1226.5	0.461	15.11	0.025098781	0.360834084
13259	1248.5	0.456	14.84	0.032334173	0.330003777
13816.5	1307.5	0.456	14.86	0.019351732	0.537954908
14181.5	1347.5	0.448	14.42	0.02933233	0.669173349
14352.4	1365.5	0.489	16.73	0.026649142	0.451140062
14557.3	1387.5	0.497	17.13		
14743.6	1407.5	0.443	14.13	0.029691238	0.470956464
14929.9	1427.5	0.436	13.73	0.028367104	0.493557365
15125.5	1448.5	0.426	13.19	0.039351444	0.129625934
15311.8	1468.5	0.47	15.63	0.041283086	0.262852894
15498.1	1488.5	0.457	14.93	0.049136023	0.493745766
15670.5	1506.5	0.42	12.82	0.033749043	0.467221218
15860.5	1527.5	0.432	13.52	0.022266797	0.031844995
16018.9	1547.5	0.451	14.56	0.025959221	0.036838909
16018.9	1547.5	0.443	14.09		
16018.9	1547.5	0.427	13.21		
16205.2	1567.5	0.454	14.75	0.030210599	0.632684473
16391.5	1587.5	0.412	12.38	0.034148774	0.353220825
16577.8	1607.5	0.434	13.64	0.035357103	0.602975945
16764.1	1627.5	0.456	14.86	0.025294547	0.579433206
16916.3	1647.5	0.433	13.56	0.027886974	0.600823375
16989.1	1667.5	0.425	13.12	0.021327767	0.788790996
17057.4	1687.5	0.409	12.21	0.040512467	0.351562089
17132.7	1708.5	0.422	12.93	0.019574029	0.300202757
17201.9	1727.5	0.424	13.03	0.022690092	0.066486016
17278.2	1748.5	0.399	11.64	0.018592175	0.391079014
17351	1768.5	0.466	15.43	0.019928438	0.617123639
17423.7	1788.5	0.442	14.05	0.025237803	0.349163101
17507.4	1887.5	0.428	13.28	0.022239065	0.371735412
17658.7	2008.5	0.413	12.45	0.019869312	0.490223582
17731.5	2028.5	0.427	13.24	0.033438453	0.350242055
17872.2	2091.5	0.381	10.65	0.022816532	0.555153108
17900.4	2130.5	0.393	11.3	0.022669035	0.726533799
17977.7	2288.5	0.415	12.54	0.016363891	0.398970721
18046.8	2307.5	0.421	12.86	0.017421756	0.691486195
18119.6	2327.5	0.391	11.2	0.028605653	0.63599295
18192.3	2347.5	0.404	11.92	0.019940972	0.170323133
18257.8	2365.5	0.419	12.74	0.018758576	0.041957218
18410.5	2407.5	0.4	11.68	0.018095029	0.277685923
18410.5	2407.5	0.394	11.37	0.01606654	0.408481313
18483.3	2427.5	0.427	13.24	0.013401894	0.036259225
18559.7	2448.5	0.424	13.02	0.02663501	0.954889596
18705.2	2488.5	0.452	14.59	0.019004278	0.553986975
18776.1	2508.5	0.432	13.49	0.01990375	0.936434195
18848.8	2528.5	0.415	12.52	0.018453879	0.039346541
18899.8	2542.5	0.439	13.89		
18921.6	2548.5	0.413	12.45	0.020814882	0.259220805
18999.3	2568.5	0.433	13.56		
19080.8	2589.5	0.426	13.19	0.015010387	0.03538239
19157	2608.5	0.431	13.41		
19237.1	2628.5	0.417	12.65		
19317.3	2648.5	0.4	11.69	0.018764685	1.136290363
19389.3	2668.5	0.444	14.17		
19472.1	2691.5	0.436	13.74		
19533.3	2708.5	0.424	13.03	0.023697657	0.329567319
19613.5	2728.5	0.424	13.08	0.018444537	0.397875495
19693.6	2748.5	0.419	12.77	0.015712583	0.438404057
19773.8	2768.5	0.41	12.26	0.017388916	0.228256338
19826.9	2785.5	0.432	13.49	0.02016599	0.535665368
19922.8	2807.5	0.426	13.17		
20014.3	2828.5	0.427	13.22	0.019260664	0.471305503
20090.5	2847.5	0.431	13.42	0.024997754	1.820391989
20158.3	2868.5	0.445	14.2		
20248.7	2896.5	0.449	14.43		
20310.1	2915.5	0.459	15.01	0.020333319	1.067329203
20360.4	2928.5	0.42	12.83		
20426.2	2945.5	0.41	12.24		
20515.2	2968.5	0.42	12.8		
20588.7	2987.5	0.446	14.31	0.023530098	0.910285853
20672.8	3008.5	0.44	13.95	0.027863166	1.074004909
20731.8	3040.5	0.436	13.7	0.022791044	0.907597265
20869.2	3109.5	0.431	13.43	0.025928854	5.150449957
20945.4	3128.5	0.409	12.2	0.017369532	0.806092098
21049.1	3148.5	0.429	13.31		
21142.4	3166.5	0.412	12.37	0.020234117	1.232826762
21186.4	3207.5	0.482	16.31	0.027238361	1.05879519
21193.4	3209.5	0.426	13.18		
21423.4	3257.5	0.465	15.34	0.035079863	0.558563403
21423.4	3257.5	0.435	13.66	0.018472836	
21453.4	3262.5	0.437	13.76		
21483.4	3267.5	0.449	14.48	0.019434731	0.649558775
21513.4	3272.5	0.416	12.6		0.561363823
21571.8	3282.5	0.424	13.07	0.015163281	
21600.4	3287.5	0.5	17.34		
21744	3332.5	0.44	13.94		
21759.3	3337.5	0.45	14.54	0.027802236	0.083916052
21759.3	3337.5	0.444	14.2	0.03339613	0.08932638
21789.3		0.436	13.73		
21888.2	3361.5	0.449	14.44	0.020142838	1.726806418
22012.4	3393.5	0.41	12.25		
22063.2	3407.5	0.392	11.26		
22086.2	3412.5	0.432	13.51	0.025046506	
22132.1	3422.5	0.434	13.6		
22210.2	3439.5	0.445	14.22	0.01097269	1.231038438
22323	3477.5	0.432	13.53		
22337.8	3482.5	0.442	14.06		
22367.5	3492.5	0.462	15.17	0.0318865	0.868794867
22409.3	3497.5	0.437	13.75		
22451.2	3502.5	0.384	10.8		
22534.8	3512.5	0.477	16.05	0.035924706	0.106942973
22579.6	3517.5	0.438	13.81		
22624.4	3522.5	0.405	11.98	0.014068363	
22669.1	3527.5	0.432	13.51		
22848.3	3547.5	0.431	13.44		
22919.9	3555.5	0.464	15.3	0.020214752	0.562793031
23027.4	3567.5	0.425	13.08		
23072.2	3572.5	0.43	13.38		
23117	3577.5	0.444	14.15	0.032156713	
23161.8	3582.5	0.44	13.94		
23206.5	3587.5	0.421	12.86		
23251.3	3592.5	0.439	13.9		
23296.1	3597.5	0.435	13.68	0.013471324	1.353352733
23339	3607.5	0.415	12.53		
23497.5	3644.5	0.444	14.2		
23573.7	3657.5	0.427	13.2		
23612.2	3662.5	0.441	13.99		
23766.3	3682.5	0.442	14.03		
23804.8	3687.5	0.44	13.96		
23843.3	3692.5	0.432	13.52		
23935.6	3703.5	0.431	13.45		
23971.4	3707.5	0.429	13.34		
24061	3717.5	0.487	16.62	0.02651208	0.14678473
24105.8	3722.5	0.428	13.25		
24150.5	3727.5	0.457	14.91		
24195.3	3732.5	0.422	12.93		
24240.1	3737.5	0.428	13.29	0.01548195	
24339.5	3747.5	0.447	14.33		
24389.2	3752.5	0.429	13.34		
24499.9	3762.5	0.461	15.15		
24573.3	3768.5	0.428	13.25		
24744.4	3782.5	0.491	16.82		
24805.5	3787.5	0.427	13.24		
24940	3798.5	0.458	14.99	0.025782897	0.098709434
24988.9	3802.5	0.431	13.42		
