depth_mm	Years_B1950	McLean.d13C	McLean.d18O
12.1	10971.3	-10.57	-9.03
12.57	11007.1	-10.42	-9.8
13.04	11043.3	-9.65	-9.27
13.51	11080.1	-9.99	-9.95
14.47	11156.3	-10.23	-9.47
14.94	11194.1	-10.56	-9.37
15.41	11232.3	-10.54	-8.87
15.88	11270.8	-10.8	-9.67
16.35	11309.5	-9.91	-8.93
16.82	11348.4	-10.09	-9.42
17.29	11387.5	-9.58	-9.46
17.76	11426.8	-10.81	-9.41
18.23	11466.2	-10.24	-9.79
18.7	11505.6	-10.29	-9.28
19.17	11545.1	-10.3	-8.83
19.64	11584.7	-10.34	-9.31
20.11	11624.2	-10.49	-9.04
20.58	11663.6	-9.61	-8.61
21.05	11703	-9.31	-8.38
21.52	11742.3	-9.79	-8.6
21.99	11781.4	-9.18	-8.91
22.95	11860.8	-9.31	-9.27
23.42	11899.3	-9.2	-9.9
24.38	11977	-8.52	-9.41
24.85	12014.5	-8.37	-8.93
25.32	12051.7	-8.41	-9.26
25.79	12088.5	-9.09	-9.23
26.26	12124.8	-8.6	-9.17
26.73	12160.6	-9.16	-8.78
27.2	12196	-8.27	-8.46
27.67	12230.7	-9.29	-8.57
28.14	12265	-9.86	-8.68
28.61	12298.6	-9.21	-8.78
29.57	12365.2	-8.61	-8.86
30.04	12396.8	-8.64	-8.85
31	12458.9	-9.62	-9.01
31.47	12488.1	-8.89	-9.06
31.94	12516.5	-8.37	-9.13
32.41	12544	-7.57	-9.03
32.88	12570.7	-7.43	-8.63
33.48	12603.5	-7.52	-9.27
34.44	12653.1	-7.86	-9.1
34.91	12676.3	-8.35	-9.21
35.38	12698.7	-7.95	-9.39
35.85	12720.3	-7.83	-8.67
36.32	12741.2	-8.75	-9.47
36.79	12761.5	-9.21	-10.04
37.26	12781	-8.45	-9.82
37.73	12799.9	-9.87	-9.62
38.2	12818.2	-9.26	-9.93
38.67	12835.9	-8.76	-9.47
39.14	12853	-9.25	-9.59
39.61	12869.5	-8.89	-10.42
40.08	12885.5	-9.29	-10.08
40.55	12900.9	-9.1	-9.47
41.02	12915.9	-9.35	-9.39
41.49	12930.3	-9.62	-9.35
41.96	12944.3	-9.57	-9.34
42.43	12957.9	-9.42	-9.49
42.9	12971	-9.42	-8.53
43.37	12983.8	-9.95	-9.8
43.84	12996.1	-10.16	-9.04
44.54	13013.9	-8.94	-8.86
44.81	13020.6	-8.63	-8.71
45.08	13027.1	-9.3	-8.92
45.35	13033.6	-8.67	-8.77
45.62	13039.9	-8.6	-8.65
45.89	13046.2	-8.58	-8.64
46.16	13052.4	-8.41	-8.42
46.43	13058.5	-8.31	-8.18
46.7	13064.5	-8.35	-8.36
46.97	13070.4	-8.63	-8.51
47.24	13076.3	-8.44	-8.22
47.51	13082.1	-8.34	-8.18
47.78	13087.8	-8.28	-8.19
48.32	13099.1	-8.74	-9.2
48.59	13104.7	-8.42	-8.72
48.86	13110.2	-8.77	-8.93
49.13	13115.7	-9.16	-9.09
49.4	13121.2	-8.98	-9.02
49.67	13126.6	-9.46	-9.45
49.94	13132	-9.26	-8.82
50.21	13137.3	-8.45	-8.78
50.48	13142.6	-7.53	-8.87
50.75	13148	-8.31	-9.07
51.02	13153.2	-9.15	-9.56
51.29	13158.5	-9.02	-9.19
51.56	13163.8	-8.09	-9.05
51.83	13169.1	-8.17	-8.95
52.1	13174.3	-8.77	-8.98
52.37	13179.6	-9.57	-9.48
52.64	13184.9	-9.81	-8.97
52.91	13190.2	-7.53	-8.34
53.18	13195.5	-8.63	-8.93
53.45	13200.8	-7.96	-7.39
53.72	13206.1	-7.42	-8.56
53.99	13211.4	-9.2	-9.1
54.26	13216.7	-10.2	-9.21
54.53	13222	-10.65	-9.58
54.8	13227.3	-10.65	-9.57
55.07	13232.6	-10.65	-10.02
55.34	13238	-10.53	-9.72
55.88	13248.6	-10.31	-9.3
56.42	13259.3	-9.66	-9.36
56.69	13264.6	-9.34	-9.28
56.96	13270	-9.28	-8.79
57.23	13275.3	-9.34	-9.03
57.5	13280.7	-9.9	-9.3
57.77	13286.1	-9.97	-9.25
58.04	13291.4	-9.66	-9.58
58.31	13296.8	-9.62	-8.75
58.85	13307.5	-9.6	-8.93
59.39	13318.3	-9.76	-9.2
59.66	13323.7	-9.85	-9.09
59.93	13329.1	-9.79	-9.06
60.2	13334.5	-9.78	-9.24
60.47	13339.9	-9.73	-9.16
60.74	13345.3	-9.94	-8.74
61.01	13350.7	-9.82	-8.68
61.28	13356.1	-10.25	-8.64
61.55	13361.5	-10.3	-8.65
61.82	13366.9	-9.69	-8.79
62.09	13372.3	-9.94	-8.54
62.36	13377.8	-9.99	-8.82
62.63	13383.2	-9.81	-8.69
62.9	13388.6	-10.01	-8.65
63.44	13399.5	-10.24	-8.88
63.71	13404.9	-10.13	-8.99
63.98	13410.4	-9.97	-8.88
64.25	13415.8	-10.01	-8.83
64.52	13421.3	-9.97	-9.02
64.79	13426.7	-9.66	-9.12
65.06	13432.2	-9.56	-9.2
65.33	13437.6	-9.59	-9.32
65.6	13443.1	-9.3	-9.16
65.87	13448.5	-9.15	-8.93
66.14	13454	-8.87	-7.62
66.41	13459.5	-10.24	-9.01
66.68	13464.9	-10.5	-8.66
66.95	13470.4	-10.75	-9.41
67.22	13475.9	-10.52	-9.59
67.49	13481.3	-10.49	-9.48
67.76	13486.8	-10.57	-9.41
68.03	13492.3	-10.76	-9.71
68.3	13497.8	-10.83	-9.62
68.57	13503.3	-11.03	-10.06
68.84	13508.8	-11.21	-10.03
69.11	13514.3	-11.06	-9.75
69.38	13519.7	-11.02	-9.51
69.65	13525.2	-11.01	-9.79
69.92	13530.7	-10.66	-9.96
70.19	13536.2	-10.62	-10.11
70.46	13541.7	-10.56	-10.04
70.73	13547.2	-10.58	-9.65
71	13552.7	-10.49	-9.49
71.27	13558.3	-10.63	-9.7
71.54	13563.8	-10.55	-9.69
71.81	13569.3	-10.43	-9.58
72.35	13580.3	-10.18	-8.99
72.62	13585.8	-9.97	-9.16
72.89	13591.3	-9.89	-9.08
73.16	13596.9	-9.76	-9.08
73.43	13602.4	-9.98	-9.21
73.7	13607.9	-10.06	-9.37
74.24	13619	-10.22	-9.11
74.51	13624.5	-10.23	-9.2
74.78	13630.1	-10.31	-9.12
75.05	13635.6	-10.41	-9.34
75.59	13646.7	-10.62	-8.91
75.86	13652.3	-10.61	-9.19
76.13	13657.8	-10.69	-9.02
76.4	13663.4	-10.77	-9.02
76.67	13669	-10.75	-8.77
77.21	13680.1	-10.45	-8.73
77.75	13691.3	-10.01	-8.68
78.02	13696.9	-10.2	-8.94
78.56	13708.1	-10.02	-8.78
78.83	13713.8	-10.11	-8.72
79.1	13719.4	-10.02	-8.46
79.37	13725	-10.15	-8.66
79.64	13730.7	-10.19	-8.49
79.91	13736.3	-10.1	-8.48
80.18	13742	-10.11	-8.32
80.45	13747.7	-9.94	-8.38
80.72	13753.3	-10.04	-8.39
81.33	13766.2	-10.06	-8.44
81.9	13778.3	-10.68	-8.82
82.22	13785	-10	-8.83
82.54	13791.9	-10.43	-9.31
82.86	13798.7	-10.38	-9.78
83.18	13805.5	-10.15	-9.75
83.5	13812.4	-10.02	-9.41
83.82	13819.2	-10.08	-9.55
84.14	13826.1	-10.4	-9.36
84.46	13833	-10.63	-9.87
84.78	13839.9	-10.6	-10.15
85.1	13846.8	-10.38	-9.12
85.42	13853.8	-10.47	-9.94
85.74	13860.7	-10.65	-10.66
86.06	13867.7	-10.76	-10.43
86.38	13874.7	-10.27	-10.58
86.7	13881.7	-10.11	-10.19
87.98	13910	-9.99	-9.55
88.3	13917.1	-10.04	-9.43
88.62	13924.3	-10.19	-8.87
88.94	13931.4	-10.07	-9.15
89.26	13938.6	-10.2	-8.93
89.58	13945.8	-10.1	-9.23
89.9	13953	-10.52	-8.99
90.22	13960.3	-10.4	-8.98
90.54	13967.6	-10.28	-9.27
90.86	13974.9	-10.39	-8.95
91.18	13982.2	-10.37	-9.08
91.5	13989.5	-10.27	-8.83
91.82	13996.9	-10.57	-9.57
92.14	14004.3	-10.99	-8.61
92.46	14011.7	-11.11	-9.18
92.78	14019.1	-10.58	-8.75
93.1	14026.6	-10.78	-9.64
93.42	14034.1	-10.84	-8.97
93.74	14041.6	-10.87	-8.34
94.06	14049.2	-10.97	-9.45
94.38	14056.7	-10.78	-8.58
94.7	14064.3	-11.29	-10.07
95.02	14071.9	-11.01	-9.27
95.34	14079.6	-10.72	-9.34
95.66	14087.2	-10.83	-9.3
95.98	14094.9	-10.6	-9.15
96.3	14102.6	-10.65	-8.96
96.62	14110.3	-10.7	-9.01
96.94	14118.1	-10.92	-9.13
97.26	14125.9	-10.94	-8.73
97.58	14133.7	-10.93	-10.22
97.9	14141.5	-11.01	-9.57
98.2	14148.8	-10.65	-10.22
98.28	14150.8	-10.33	-9.92
98.56	14157.7	-10.21	-9.02
98.84	14164.6	-10.22	-9.09
99.12	14171.5	-10.32	-9.12
99.4	14178.4	-10.3	-9.06
99.68	14185.3	-9.97	-8.76
99.96	14192.3	-9.87	-9.01
100.24	14199.3	-9.83	-9.14
100.52	14206.3	-10.62	-9.01
100.8	14213.3	-10.74	-8.99
101.08	14220.3	-10.8	-8.94
101.36	14227.3	-10.66	-9.03
101.64	14234.4	-10.52	-8.83
101.92	14241.4	-10.39	-8.7
102.2	14248.5	-10.22	-8.72
102.48	14255.6	-10.46	-8.8
102.76	14262.7	-10.46	-8.63
103.04	14269.9	-10.45	-8.91
103.32	14277	-10.52	-9.15
103.6	14284.1	-10.62	-9.01
103.88	14291.3	-10.46	-8.87
104.16	14298.5	-10.35	-9.01
104.5	14307.2	-10.2	-8.85
104.8	14315	-10.24	-8.94
105.1	14322.7	-10.21	-8.85
105.4	14330.5	-10.09	-8.79
105.68	14337.7	-10.41	-9.14
105.96	14345	-10.87	-9.6
106.24	14352.2	-10.93	-9.75
106.52	14359.5	-10.8	-9.27
106.8	14366.8	-10.49	-9.18
107.06	14373.6	-10.21	-9.13
107.32	14380.4	-9.93	-9.28
107.58	14387.3	-9.82	-9.27
107.84	14394.1	-9.31	-8.72
108.1	14400.9	-8.94	-8.48
108.38	14408.3	-8.28	-8.66
108.65	14415.4	-8.46	-8.19
108.93	14422.8	-7.44	-8.19
109.2	14430	-6.86	-7.98
109.5	14437.9	-7.5	-8.55
109.78	14445.3	-8.53	-8.55
110.05	14452.5	-8.61	-8.64
110.33	14460	-9.17	-9.23
110.6	14467.2	-8.87	-9.13
110.86	14474.1	-8.82	-8.44
111.12	14481	-8.1	-8.35
111.38	14488	-7.7	-8.08
111.64	14495	-7.4	-8.18
111.9	14501.9	-7.31	-8.21
112.2	14510	-7.44	-8.33
112.7	14523.5	-7.62	-8.14
113.1	14534.3	-6.73	-7.93
113.8	14553.3	-6.48	-7.96
114	14558.8	-5.82	-7.9
114.2	14564.3	-5.65	-8.04
114.7	14578.2	-5.6	-7.65
115	14586.6	-5.3	-7.85
115.2	14592.2	-5.49	-7.63
115.9	14612.2	-5.47	-7.52
116.18	14620.3	-5.25	-7.71
116.46	14628.4	-6.31	-8.06
116.74	14636.7	-6.79	-8.53
117.02	14645	-7.43	-8.8
117.3	14653.4	-7.87	-9.36
117.56	14661.3	-8.36	-9.05
117.82	14669.3	-7.28	-8.45
118.08	14677.4	-7.55	-8.8
118.34	14685.5	-7.37	-8.66
118.6	14693.8	-7.07	-8.41
118.86	14702.1	-7.33	-8.44
119.12	14710.6	-7.53	-8.41
119.38	14719.1	-7.75	-8.74
119.64	14727.8	-8.49	-8.64
119.9	14736.6	-8.39	-8.48
120.18	14746.1	-7.24	-8.23
120.46	14755.8	-6.11	-7.88
120.74	14765.7	-5.68	-7.57
121.02	14775.7	-6.61	-7.55
121.3	14785.8	-7.49	-7.89
121.58	14796.1	-7.66	-8.46
122.14	14817.2	-7	-8.36
122.7	14838.9	-7.57	-8.24
122.96	14849.3	-7.89	-8.48
123.22	14859.7	-8.06	-8.78
123.48	14870.4	-7.44	-8.32
123.74	14881.2	-6.95	-8.28
124	14892.2	-7.01	-8.24
124.28	14904.2	-7.48	-8.57
124.56	14916.4	-8.05	-8.83
125.12	14941.4	-7.77	-8.01
125.4	14954.2	-6.93	-7.77
125.68	14967.3	-6.21	-7.64
125.96	14980.6	-5.93	-8.13
126.24	14994.1	-6.44	-8.41
126.52	15007.8	-6.45	-8.15
126.8	15021.8	-6.23	-8.13
127.06	15035	-6.07	-7.92
127.58	15062	-6.39	-7.92
127.84	15075.8	-6.58	-8.02
128.1	15089.9	-7.37	-8.14
128.36	15104.1	-7.75	-8.33
128.62	15118.6	-7.93	-8.72
128.88	15133.4	-8.33	-8.54
129.14	15148.3	-8.63	-8.78
129.96	15197.1	-8.46	-8.68
130.24	15214.4	-7.79	-8.1
130.52	15231.9	-6.07	-7.67
130.8	15249.7	-8.01	-7.47
131.04	15265.2	-8.53	-8.55
131.28	15281	-7.86	-8.26
131.52	15296.9	-7.63	-8.55
131.76	15313.1	-7.23	-8.8
132	15329.6	-7.05	-7.91
132.28	15349	-6.63	-8.57
132.56	15368.8	-6.87	-8.34
132.84	15388.9	-7.23	-8.13
133.12	15409.3	-7.29	-8.16
133.4	15429.9	-7.4	-8.4
133.7	15452.4	-8.17	-8.97
134	15475.2	-7.73	-8.5
134.3	15498.2	-8.08	-8.21
134.6	15521.5	-8	-7.96
134.9	15545.1	-8.94	-8.33
135.2	15569	-8.26	-7.82
135.5	15593	-8.05	-8.79
135.8	15617.3	-7.99	-8.94
136.2	15650.1	-8.37	-8.73
136.5	15674.9	-8.34	-8.91
136.74	15694.8	-8.64	-8.98
136.98	15714.9	-8.88	-8.78
137.22	15735.1	-8.87	-8.27
137.46	15755.4	-8.93	-7.98
137.7	15775.7	-9.1	-8.33
137.94	15796.2	-9.5	-8.59
138.18	15816.7	-9.88	-9.18
138.42	15837.3	-9.72	-9.64
138.66	15858	-9.28	-9.12
138.92	15880.5	-8.99	-8.71
139.18	15903	-8.97	-8.97
139.44	15925.5	-8.42	-8.57
139.7	15948.2	-7.66	-8.36
139.96	15970.8	-6.95	-8.11
140.22	15993.5	-7.06	-8.04
140.74	16038.9	-6.72	-8.1
141	16061.6	-6.92	-7.92
141.26	16084.4	-6.74	-7.69
141.52	16107.1	-6.67	-8.06
141.78	16129.7	-6.54	-8.21
142.3	16175	-5.86	-8.43
142.56	16197.6	-5.75	-8.25
142.82	16220.1	-5.87	-8.09
143.08	16242.5	-5.45	-7.53
143.34	16264.9	-5.29	-7.4
143.77	16301.7	-6.27	-8.09
144.3	16346.8	-5.86	-8.07
144.58	16370.4	-6.26	-8.1
145.14	16417.2	-5.84	-8.08
145.42	16440.3	-5.6	-8.09
145.96	16484.5	-5.85	-7.74
146.22	16505.6	-5.82	-7.9
146.74	16547.1	-7.25	-8.51
147	16567.6	-7.18	-8.91
147.52	16608	-7.4	-8.69
147.78	16627.9	-7.94	-8.78
148.3	16667	-6.89	-8.09
148.58	16687.6	-6.75	-8.77
149.14	16728.1	-6.07	-7.92
149.42	16747.8	-5.56	-8.32
149.96	16785.1	-6.79	-8.2
150.22	16802.5	-5.67	-7.91
150.74	16836.6	-6.96	-8.33
151	16853.2	-7.15	-8.67
151.56	16887.7	-7.54	-8.61
151.84	16904.4	-8.03	-8.69
152.4	16936.6	-7.58	-9.02
152.66	16950.9	-7.84	-9.17
153.18	16978.6	-7.66	-9.13
153.44	16992	-7.34	-8.9
153.98	17018.7	-5.22	-7.96
154.26	17032	-3.99	-7.44
154.82	17057.5	-3.9	-7.62
155.1	17069.7	-5.77	-7.94
155.62	17091.6	-5.16	-7.94
155.88	17102.1	-5.37	-8.06
156.4	17122.3	-7.21	-9.69
156.68	17132.8	-6.86	-9.01
157.24	17152.8	-7.21	-9.56
157.52	17162.4	-7.88	-9.1
158.06	17180.1	-7.42	-8.65
158.32	17188.3	-7.24	-8.43
158.84	17204	-7.84	-9.75
159.1	17211.6	-8.11	-9.76
159.62	17226.1	-7.04	-9.14
159.88	17233.1	-6.83	-8.81
160.4	17246.5	-5.09	-8.76
160.66	17253	-5.66	-8.72
161.18	17265.4	-6.22	-8.61
161.44	17271.4	-6.7	-8.91
161.98	17283.4	-7.34	-9.56
162.26	17289.4	-7.14	-8.95
162.82	17301	-7.79	-8.49
163.1	17306.5	-6.8	-8.03
163.66	17317.3	-5.74	-8.38
163.94	17322.6	-5.91	-6.75
164.5	17332.7	-5.82	-8.31
164.76	17337.3	-5.69	-8.13
165.28	17346.3	-5.85	-8.28
165.54	17350.7	-5.9	-8
166.08	17359.8	-3.52	-8.04
166.36	17364.4	-6.36	-7.74
166.92	17373.5	-5.49	-8.41
167.2	17378	-5.36	-8.07
167.72	17386.4	-5.17	-8.14
167.98	17390.5	-7.13	-8.62
168.5	17398.9	-6.35	-8.59
168.82	17404.1	-6.68	-8.9
169.14	17409.3	-7.29	-8.72
169.46	17414.6	-7.53	-9.09
169.78	17419.9	-7.05	-8.82
170.1	17425.4	-6.95	-8.57
170.36	17429.8	-7.06	-9.15
170.62	17434.3	-6.97	-8.81
170.88	17438.9	-7.25	-8.71
171.14	17443.6	-7.05	-8.83
171.4	17448.3	-6.72	-8.97
171.68	17453.5	-6.55	-8.95
171.96	17458.8	-6.94	-9.25
172.24	17464.2	-7.02	-9.32
172.52	17469.7	-6.78	-9.08
172.8	17475.3	-6.92	-9.07
173.06	17480.7	-6.89	-9.04
173.32	17486.1	-6.93	-9.29
173.58	17491.6	-6.7	-9.09
173.84	17497.2	-6.9	-8.82
174.1	17502.9	-6.89	-8.92
174.38	17509.2	-7.34	-8.93
174.94	17522	-7.43	-8.96
175.22	17528.5	-7.26	-8.66
175.76	17541.3	-4.62	-7.26
176.02	17547.7	-5.58	-7.92
176.28	17554	-6.57	-8.34
176.54	17560.5	-6.44	-8.24
176.8	17567	-5.85	-8.23
177.06	17573.6	-7.11	-8.49
177.32	17580.3	-6.96	-8.34
177.58	17587	-7.12	-8.85
177.84	17593.8	-6.8	-8.6
178.1	17600.7	-6.32	-8.47
178.36	17607.6	-7.07	-8.37
178.62	17614.6	-8.21	-8.58
178.88	17621.7	-8.27	-8.68
179.14	17628.8	-7.73	-9.11
179.4	17635.9	-6.24	-8.6
179.68	17643.7	-6.44	-8.07
179.96	17651.5	-6.31	-8.11
180.24	17659.4	-6.49	-7.81
180.52	17667.4	-6.84	-8.6
180.8	17675.4	-6.65	-8.77
181.06	17682.9	-6.5	-8.22
181.32	17690.4	-6.95	-8.15
181.58	17697.9	-7.35	-9.09
181.84	17705.5	-7.16	-9.2
182.1	17713.2	-7.17	-9.04
182.36	17720.9	-7.49	-9.18
182.62	17728.6	-7.08	-8.99
182.88	17736.3	-7.74	-9.5
183.14	17744.1	-7.92	-8.99
183.4	17751.9	-8	-9.39
183.7	17760.9	-7.35	-8.93
184	17770	-7.24	-8.96
184.3	17779.1	-6.51	-8.17
184.6	17788.3	-6.47	-8.54
184.7	17791.3	-6.51	-8.51
184.82	17795	-6.8	-9.49
185.26	17808.5	-7.34	-9.29
185.7	17822	-8.11	-8.92
186.16	17836.2	-6.06	-9.04
186.62	17850.4	-8.57	-10.23
187.08	17864.6	-6.74	-8.74
187.54	17878.9	-7.03	-9.11
188.46	17907.4	-7.64	-8.69
188.92	17921.6	-6.38	-7.93
189.38	17935.8	-8.24	-9.28
189.84	17950	-8.05	-8.03
190.3	17964.2	-5.74	-9.49
190.74	17977.7	-6.56	-9.21
191.18	17991.1	-7.44	-9.16
191.62	18004.5	-6.89	-8.96
192.06	18017.8	-7.3	-8.56
192.5	18031	-6.67	-8.89
192.96	18044.8	-7.35	-10.66
193.42	18058.4	-6.35	-8.3
193.88	18072	-7.68	-9.98
195.68	18124.5	-8.06	-9.86
196.12	18137.1	-7.56	-10.24
196.56	18149.7	-6.52	-8.69
197	18162.3	-7.74	-9.72
197.44	18174.8	-7.52	-9.3
197.88	18187.2	-7.87	-9.32
198.32	18199.6	-7.46	-9.01
198.76	18211.9	-8.2	-8.96
199.2	18224.2	-8.49	-10.01
199.67	18237.3	-7.91	-10.06
200.14	18250.3	-6.63	-9.21
200.6	18263	-8.36	-9.1
201.03	18274.8	-7.34	-8.72
201.44	18286.1	-7.57	-8.3
201.85	18297.3	-7.65	-9.26
202.26	18308.5	-7.73	-9.8
202.67	18319.7	-7.57	-7.82
203.08	18330.8	-8.49	-9.33
203.49	18341.9	-8.95	-9.41
203.9	18353	-7.68	-9.38
204.31	18364.1	-7.31	-9.81
204.72	18375.1	-8.63	-9.06
205.13	18386.2	-7.85	-9.41
205.54	18397.2	-7.24	-9.72
205.95	18408.2	-7.54	-9.35
206.36	18419.2	-6.93	-9.46
206.77	18430.2	-8.28	-10.14
207.18	18441.2	-7.42	-9.53
207.59	18452.2	-7.79	-9.27
208.01	18463.4	-7.51	-9.8
208.42	18474.3	-7.07	-9.3
208.83	18485.3	-7.21	-8.92
209.24	18496.3	-8.22	-9.64
210.08	18518.7	-7.24	-9.04
210.5	18530	-7.29	-9.12
210.92	18541.2	-8.11	-8.93
211.34	18552.5	-7.73	-8.95
211.76	18563.7	-7.99	-9.17
212.19	18575.3	-8.01	-9.29
212.63	18587.1	-8.32	-9.59
212.92	18594.9	-8.21	-9.12
213.4	18607.8	-8.15	-9.02
214.37	18634	-7.29	-9.33
214.86	18647.2	-8.2	-9.73
215.34	18660.2	-8.95	-9.14
215.83	18673.5	-8.77	-9.31
216.31	18686.5	-7.63	-9.32
216.79	18699.5	-7.91	-10.1
217.28	18712.8	-8.21	-9.9
217.76	18725.9	-8.43	-10.71
218.25	18739.2	-8.27	-10.1
218.73	18752.3	-7.91	-9.14
219.22	18765.6	-6.62	-8.21
219.7	18778.7	-6.33	-8.42
220.18	18791.8	-6.76	-8.7
220.67	18805.2	-7.58	-9.05
221.15	18818.4	-7.14	-9.09
221.64	18831.8	-6.98	-8.19
223.09	18871.5	-7.11	-8.27
223.57	18884.6	-6.88	-8.54
224.06	18898.1	-7.7	-10.41
224.54	18911.3	-6.53	-8.5
225.03	18924.7	-7.64	-8.12
225.51	18937.9	-6.28	-8.36
226	18951.4	-6.98	-8.36
226.48	18964.5	-7.21	-8.57
226.96	18977.7	-6.25	-8.15
227.45	18991.2	-5.59	-8.32
228.42	19017.9	-6.3	-8.87
228.9	19031.1	-7.21	-9.06
229.39	19044.6	-7.47	-8.57
230.84	19084.5	-7.38	-8.93
231.81	19111.1	-7.32	-9.09
232.29	19124.3	-6.39	-8.9
233.74	19164.2	-8.14	-10.03
234.23	19177.6	-9.36	-9.36
234.71	19190.8	-7.74	-8.42
235.2	19204.3	-7.47	-8.99
235.68	19217.5	-7.18	-7.83
236.17	19230.9	-6.9	-9
236.65	19244.1	-8.03	-7.71
237.14	19257.6	-7.41	-8.91
237.62	19270.8	-6.69	-8.76
239.07	19310.6	-7.82	-8.91
239.56	19324.1	-7.71	-9.1
240.54	19351	-7.47	-8.98
241.02	19364.2	-7.11	-8.45
241.51	19377.7	-6.58	-8.52
241.99	19390.9	-6.49	-9.05
