Depth_m	Age_yrsB1950	CH4_ppb
1698.035	8891.204	671.48
1700.035	8910.372	679.16
1702.034	8928.999	665.86
1704.033	8946.475	670.25
1706.032	8963.825	654.61
1708.034	8984.444	661.71
1710.036	9003.905	668.53
1712.038	9022.876	667.31
1714.041	9041.677	657.02
1716.042	9060.955	666.22
1718.085	9080.003	682.58
1720.049	9098.774	695.70
1720.049	9098.774	688.02
1720.049	9098.774	682.46
1720.049	9098.774	683.32
1722.052	9118.245	673.73
1724.051	9136.772	672.29
1726.051	9155.123	684.33
1728.053	9174.922	677.19
1730.056	9193.163	661.25
1732.059	9213.244	663.17
1734.062	9235.715	658.59
1736.065	9253.687	654.55
1738.065	9272.936	655.42
1740.066	9291.995	664.59
1742.067	9310.948	665.03
1744.608	9334.64	683.28
1746.069	9348.537	675.70
1748.07	9369.027	666.51
1750.07	9387.597	668.45
1752.073	9407.985	676.28
1754.075	9425.335	687.22
1756.075	9446.598	681.24
1758.071	9466.547	664.89
1760.074	9484.818	682.76
1762.077	9502.924	683.99
1764.076	9523.225	685.84
1766.079	9541.918	699.46
1766.079	9541.918	698.89
1768.082	9560.438	679.81
1770.084	9579.451	680.14
1772.084	9599.474	682.97
1774.087	9617.565	682.44
1776.089	9636.501	686.24
1778.09	9653.205	677.64
1780.09	9673.408	693.06
1782.092	9696.804	690.37
1784.088	9714.524	689.72
1786.089	9732.017	687.06
1788.549	9756.046	683.92
1788.549	9756.046	683.65
1790.091	9771.465	689.56
1792.092	9789.575	678.63
1794.094	9809.694	698.15
1796.09	9828.278	682.59
1798.093	9849.268	689.77
1800.094	9867.918	692.05
1802.097	9886.702	690.36
1804.328	9909.814	680.77
1806.098	9926.99	699.38
1808.603	9952.143	698.32
1810.106	9966.043	707.89
1812.106	9986.996	697.28
1814.11	10007.23	702.35
1818.114	10045.166	693.94
1820.114	10064.078	684.63
1822.079	10083.88	694.17
1824.216	10106.211	714.56
1826.119	10124.806	689.62
1828.121	10146.773	681.28
1830.12	10165.903	698.76
1832.123	10187.429	688.37
1834.128	10207.224	683.27
1836.134	10227.188	672.22
1838.101	10247.521	674.53
1840.138	10267.967	694.95
1842.139	10288.078	705.04
1844.138	10307.634	691.66
1846.14	10329.39	700.53
1848.145	10350.776	703.97
1850.149	10372.388	704.35
1852.153	10390.912	697.70
1854.155	10412.566	710.24
1856.158	10432.874	700.27
1858.162	10452.891	700.45
1860.414	10475.381	708.10
1862.667	10498.422	689.09
1864.166	10513.725	692.77
1868.174	10554.75	703.55
1870.179	10575.967	690.12
1872.183	10596.278	742.98
1876.26	10637.116	689.92
1878.194	10654.884	695.62
1880.196	10675.374	691.13
1882.198	10695.208	691.42
1884.2	10715.428	680.75
1886.206	10736.88	691.58
1888.209	10756.391	704.17
1890.214	10775.684	679.54
1892.215	10796.877	682.83
1896.223	10836.238	672.68
1898.475	10859.694	679.70
1900.227	10875.16	681.91
1902.251	10894.752	679.54
1904.456	10916.864	684.25
1906.252	10934.759	693.82
1908.253	10955.505	701.50
1910.241	10973.646	681.32
1912.247	10992.327	700.40
1916.254	11032.851	682.36
1918.261	11051.481	697.98
1920.265	11071.982	680.96
1922.27	11092.729	677.94
1924.27	11109.38	705.83
1926.272	11128.311	695.04
1928.475	11150.053	691.36
1930.279	11168.834	692.70
1932.301	11187.506	692.27
1936.288	11225.589	700.53
1938.291	11245.65	701.65
1940.29	11263.82	689.87
1942.292	11281.551	687.02
1944.295	11300.2	688.47
1946.3	11319.801	679.45
1948.3	11338.355	665.66
1955.3010	11399.861	670.79
1957.3090	11417.453	674.14
1959.3130	11434.792	702.81
1961.3150	11454.192	708.84
1963.4400	11473.866	703.17
1965.3130	11490.446	710.46
1967.3170	11508.216	734.34
1969.3160	11524.917	743.42
1971.5400	11544.561	756.06
1975.3200	11577.35	756.38
1977.3220	11593.178	710.86
1979.3200	11611.307	681.40
1981.3220	11629.848	645.40
1983.4280	11647.924	614.12
1985.3220	11665.414	578.35
1987.3230	11683.681	526.83
1989.3250	11701.438	490.94
1991.3270	11720.633	485.39
1995.3300	11760.147	488.31
1997.3310	11781.602	484.93
1999.5500	11803.658	482.87
2001.3340	11821.377	481.50
2003.4300	11844.23	483.33
2005.3310	11864.018	489.94
2007.3300	11884.101	492.29
2009.3310	11905.849	489.01
2011.3320	11927.903	481.96
2015.3160	11969.551	485.04
2017.3360	11991.856	475.75
2019.3350	12016.826	482.99
2021.3350	12038.243	486.66
2023.4380	12058.796	495.97
2025.3380	12080.887	486.76
2027.3390	12106.14	472.93
2029.3350	12125.511	472.35
2031.3340	12147.526	482.08
2035.3340	12191.41	477.37
2037.3340	12212.357	467.16
2039.3360	12233.975	481.21
2041.2910	12257.458	487.84
2043.4350	12280.774	476.69
2045.3370	12301.983	474.32
2047.3370	12322.167	472.59
2049.3360	12343.121	474.71
2051.3340	12366.308	468.18
2055.3350	12410.365	468.00
2057.3360	12431.925	480.24
2059.3310	12455.751	493.08
2061.3290	12476.321	479.62
2063.3300	12496.911	475.51
2065.3280	12522.29	472.23
2067.3260	12543.717	473.30
2069.3270	12564.615	467.84
2071.3290	12587.553	465.67
2075.3310	12630.877	463.05
2077.4470	12654.62	463.24
2079.3330	12674.89	464.15
2081.3340	12698.098	466.80
2083.4340	12720.852	482.80
2085.3330	12740.98	492.67
2087.3480	12763.666	500.10
2089.3310	12785.627	505.64
2091.3320	12810.34	505.43
2095.3310	12853.694	550.93
2097.3320	12873.977	597.88
2099.3320	12894.535	608.11
2101.3330	12918.155	615.48
2103.3330	12940.289	634.44
2105.3320	12960.746	656.78
2107.3330	12981.878	674.34
2109.3320	13002.085	678.70
2111.3340	13022.977	685.37
2115.3330	13067.563	664.08
2117.3320	13088.223	653.93
2119.3310	13109.145	652.34
2121.3310	13129.432	643.35
2123.4550	13152.319	636.00
2125.3340	13173.611	627.42
2127.3350	13195.302	607.26
2129.3350	13217.124	599.58
2131.3350	13237.842	612.65
2135.3330	13282.905	632.21
2137.3340	13305.171	653.33
2139.3300	13328.267	662.26
2141.3310	13349.881	675.45
2143.4310	13374.061	666.83
2145.6300	13399.141	679.11
2147.4630	13420.199	684.49
2149.3970	13442.35	676.61
2151.3280	13463.9	678.73
2155.3280	13510.025	678.83
2157.3260	13532.766	671.65
2159.3440	13554.709	674.93
2161.3240	13578.247	681.91
2163.4270	13601.866	684.52
2165.3260	13622.483	675.76
2167.3260	13645.346	660.17
2169.3270	13668.756	636.51
2171.3270	13691.331	632.17
2175.3230	13736.331	652.96
2177.3260	13759.667	654.76
2179.3250	13780.251	658.01
2181.3250	13802.062	668.74
2183.4220	13828.164	672.89
2185.3230	13849.566	679.44
2187.3200	13872.495	672.65
2189.3220	13893.523	658.31
2191.3210	13917.984	654.30
2195.4130	13965.604	660.53
2197.3220	13989.917	663.81
2198.3200	14002.767	654.61
2199.3210	14013.236	648.65
2200.3210	14023.884	640.64
2201.3200	14036.356	622.43
2202.3210	14048.202	603.89
2204.3220	14071.125	590.89
2205.3200	14084.472	578.85
2206.3210	14097.462	578.06
2207.3200	14108.859	573.77
2208.3180	14121.062	575.30
2209.3210	14134.072	584.15
2210.3200	14145.901	607.01
2211.3210	14157.575	635.17
2212.3200	14168.427	635.32
2214.3200	14192.095	650.54
2215.3770	14206.578	651.83
2216.3220	14216.392	645.73
2217.3200	14228.062	630.51
2218.3180	14238.496	628.00
2219.3190	14250.355	632.46
2220.3190	14261.409	623.17
2221.3190	14274.055	623.87
2222.3180	14285.391	640.44
2224.3210	14309.577	639.70
2225.2450	14319.187	632.43
2226.2720	14331.116	621.90
2227.3210	14344.094	615.00
2228.4030	14355.442	614.61
2229.3220	14364.37	616.86
2230.3220	14376.063	618.82
2231.3210	14388.793	622.72
2232.3210	14399.858	626.70
2234.3180	14423.159	616.00
2235.3190	14434.146	622.74
2236.3180	14443.283	627.99
2237.3190	14454.868	634.92
2238.2970	14464.56	635.22
2239.3200	14475.465	631.84
2240.3200	14487.411	622.74
2241.3200	14498.186	620.58
2242.3210	14509.104	629.38
2244.3210	14531.297	639.06
2245.3190	14542.59	628.37
2246.3210	14553.884	625.38
2247.3210	14564.487	625.07
2248.3740	14576.866	624.04
2249.3020	14586.185	625.53
2250.3230	14595.468	622.52
2251.3230	14607.237	620.39
2252.3230	14619.389	612.43
2254.8220	14646.209	593.84
2255.3240	14653.264	591.93
2256.3230	14664.087	585.70
2257.2730	14675.995	579.74
2258.2540	14687.227	577.83
2259.3200	14696.689	565.31
2260.3200	14707.908	533.07
2261.3190	14719.114	520.65
2262.3210	14731.838	503.74
2264.8660	14759.494	495.88
2265.3230	14764.391	492.87
2266.3230	14776.283	491.13
2267.3230	14788.771	489.33
2268.3230	14799.135	484.65
2269.3225	14811.58	487.77
2270.3220	14823.38	484.60
2271.4310	14836.547	484.48
2272.3200	14845.741	484.40
2274.3190	14870.127	489.48
2275.3190	14881.621	489.39
2276.3160	14893.443	487.82
2277.3140	14905.174	488.01
2278.3150	14916.902	489.73
2279.3160	14929.02	485.61
2280.3160	14941.521	487.63
2281.4240	14954.586	487.75
2282.3130	14964.944	480.63
2284.3120	14987.256	472.41
2285.3130	14999.306	475.61
2286.3120	15012.481	473.67
2287.3110	15024.25	476.24
2288.3110	15035.731	479.68
2289.3120	15050.417	487.44
2290.3100	15062.017	487.07
2291.4100	15073.426	480.29
2292.3100	15084.084	478.62
2294.3580	15108.468	475.26
2295.3080	15120.6	472.13
2296.3080	15133.528	471.33
2297.3070	15144.872	467.82
2298.3100	15157.517	471.89
2299.3080	15170.387	463.57
2300.3070	15182.086	461.83
2301.3660	15195.75	458.37
2302.3080	15207.212	461.86
2304.4190	15232.9	467.18
2305.3080	15244.399	472.26
2306.3090	15257.632	474.82
2307.3060	15269.502	473.69
2308.3060	15281.712	474.05
2309.3060	15295.264	464.44
2310.3050	15309.421	466.32
2311.3200	15322.593	466.97
2312.3070	15333.642	469.84
2314.3050	15359.788	475.56
2315.3060	15371.938	475.93
2316.3060	15383.78	476.06
2317.3070	15398.015	474.56
2318.3060	15410.98	475.98
2319.3080	15423.931	473.08
2320.3070	15436.682	476.16
2321.3080	15449.609	472.77
2322.3080	15463.965	471.55
2324.3100	15492.899	477.03
2325.5100	15509.172	477.18
2326.3090	15520.845	478.40
2327.3110	15533.971	476.59
2328.3110	15547.327	470.76
2329.3110	15562.38	478.32
2330.3100	15575.758	469.21
2331.3120	15589.714	467.93
2332.3130	15604.534	465.79
2334.3100	15635.723	459.31
2335.3110	15650.276	459.09
2336.3170	15664.774	460.70
2337.2570	15676.196	459.94
2338.3140	15690.989	457.23
2339.3140	15705.861	454.41
2340.3150	15720.819	453.00
2341.3170	15734.9	454.85
2342.3150	15751.53	453.31
2344.3110	15781.941	452.37
2345.3130	15798.336	450.25
2346.3110	15815.961	449.80
2347.3200	15831.403	450.85
2348.3090	15845.805	458.58
2349.3100	15860.713	459.53
2350.3080	15875.256	459.98
2351.3100	15890.609	459.68
2352.3090	15906.352	459.57
2354.3050	15937.51	458.71
2355.3080	15954.66	454.65
2356.3070	15969.161	454.02
2358.0770	15996.364	450.06
2358.3100	15999.894	450.24
2359.3100	16016.536	451.24
2360.3110	16035.351	448.15
2361.3120	16051.166	452.34
2362.3120	16066.101	449.38
2364.3110	16099.035	453.92
2365.3110	16116.027	463.81
2366.3100	16134.432	463.16
2367.3130	16152.123	465.62
2368.3130	16168.569	468.01
2369.3120	16188.37	475.09
2370.5030	16209.584	482.35
2371.3140	16224.721	483.47
2372.3150	16243.351	484.07
2374.3180	16279.643	448.92
2375.3190	16297.856	443.14
2376.3200	16318.375	443.06
2377.3200	16338.159	444.24
2378.3210	16356.056	442.93
2379.3210	16376.781	447.84
2380.3120	16393.793	450.63
2381.3220	16412.959	450.04
2382.3230	16433.359	451.88
2384.3250	16473.004	448.71
2385.3260	16494.286	440.44
2386.3250	16511.784	439.23
2387.3240	16532.964	433.18
2388.3250	16555.206	435.46
2389.3250	16573.514	433.43
2390.2820	16590.916	432.29
2391.3250	16612.282	432.90
2392.3280	16632.484	432.09
2394.3290	16672.716	433.79
2395.3280	16694.85	438.57
2396.3400	16715.537	438.94
2397.3300	16735.337	437.73
2398.3310	16755.611	434.99
2399.3310	16777.361	434.46
2400.2810	16799.154	439.47
2401.3330	16822.186	436.15
2402.3320	16840.826	429.65
2404.2320	16885.44	422.93
2405.2830	16907.878	423.91
2406.3310	16930.72	426.78
2407.3360	16953.972	426.38
2408.3320	16975.662	428.48
2409.2330	16996.593	436.25
2410.2850	17021.658	427.84
2411.3350	17046.43	427.93
2412.2850	17068.26	424.88
2414.3380	17115.802	424.29
2415.3360	17140.792	424.53
2416.3370	17165.599	420.70
2417.3360	17190.792	416.36
2418.3370	17214.305	422.34
2419.3370	17238.133	423.60
2420.3380	17263.553	417.44
2421.3390	17289.601	407.58
2422.3380	17313.717	406.55
2424.3360	17362.314	409.08
2425.3360	17387.119	412.00
2426.3360	17411.851	413.70
2427.3370	17436.797	412.19
2428.3360	17462.628	409.40
2429.3360	17487.17	410.22
2430.3370	17513.557	406.00
2431.3370	17537.317	403.52
2432.3370	17563.336	402.79
2434.3380	17613.932	402.49
2435.3380	17639.66	402.42
2436.42	17667.019	394.74
2437.34	17694.006	394.06
2438.339	17719.666	391.18
2439.389	17745.528	393.75
2440.341	17770.694	386.20
2441.34	17799.392	389.84
2442.341	17827.145	380.50
2444.344	17882.646	384.09
2445.341	17908.91	384.10
2446.344	17937.92	385.99
2447.343	17967.457	383.75
2448.344	17994.805	381.84
2449.444	18027.338	383.52
2450.345	18052.845	385.51
2451.342	18083.496	383.94
2452.342	18112.51	383.74
2454.347	18175.078	385.53
2455.347	18204.618	377.76
2456.347	18234.302	378.64
2457.348	18266.601	376.02
2458.347	18297.748	376.10
2459.281	18327.431	375.89
2460.35	18362.202	373.90
2461.349	18393.137	373.79
2462.347	18424.514	378.12
2464.346	18488.567	376.56
2465.344	18522.938	376.55
2466.348	18552.285	377.32
2467.348	18583.934	378.55
2468.247	18612.704	384.36
2469.276	18646.55	381.80
2470.35	18679.313	376.95
2471.399	18712.552	374.57
2472.524	18749.805	379.86
2474.351	18806.555	377.41
2475.351	18838.028	373.32
2476.352	18869.722	374.46
2477.351	18900.881	375.36
2478.352	18932.415	376.92
2479.301	18962.096	378.75
2480.352	18995.686	379.23
2481.349	19026.422	378.12
2482.343	19058.043	376.87
2484.351	19124.57	372.95
2485.35	19154.929	372.78
2486.348	19190.106	375.12
2487.3	19217.182	375.19
2488.341	19251.134	382.87
2489.349	19284.175	387.43
2490.35	19313.757	377.85
2491.299	19345.187	379.13
2492.354	19381.175	386.79
2494.349	19444.612	382.44
2495.517	19482.1	385.80
2496.348	19507.79	386.38
2497.349	19540.125	376.05
2498.349	19570.084	373.76
2499.349	19598.796	372.60
2500.351	19632.795	373.78
2501.3	19665.633	372.09
2502.351	19697.765	371.60
2504.351	19761.254	374.68
2505.351	19794.178	375.52
2506.352	19824.229	374.44
2507.353	19856.181	371.93
2508.252	19885.991	370.69
2509.304	19920.35	370.55
2510.355	19956.56	369.12
2511.355	19988.086	367.60
2512.355	20020.653	371.31
2514.357	20087.215	374.97
2515.504	20123.83	371.33
2516.358	20151.864	374.28
2517.358	20181.711	372.17
2518.358	20215.58	365.71
2519.36	20249.436	366.95
2520.359	20281.781	376.95
2521.361	20314.776	379.06
2522.363	20346.763	374.04
2524.363	20410.645	370.49
2525.418	20445.923	372.99
2526.365	20474.552	374.28
2527.367	20506.376	374.00
2528.415	20538.684	371.15
2529.367	20569.3	368.60
2530.368	20599.942	367.04
2531.368	20634.954	362.27
2532.319	20664.676	363.00
2534.369	20727.999	371.80
2535.412	20763.542	369.53
2536.371	20794.611	369.56
2537.421	20831.544	372.86
2538.663	20871.342	371.65
2539.37	20896.255	372.44
2540.373	20931.002	374.77
2541.373	20966.261	374.03
2542.373	20998.973	372.91
2544.375	21070.536	376.67
2545.375	21103.931	381.04
2546.376	21138.214	380.98
2547.376	21172.8	373.18
2548.432	21209.592	372.19
2549.377	21243.413	370.79
2550.377	21278.371	373.40
2551.377	21311.601	373.66
2552.377	21347.098	376.31
2554.376	21418.643	372.00
2555.377	21453.793	363.53
2557.377	21524.605	363.41
2558.373	21559.788	361.51
2559.378	21596.358	364.65
2560.377	21629.115	369.71
2561.377	21666.638	362.95
2562.379	21701.233	364.27
2563.478	21739.587	368.24
2564.946	21793.572	361.54
2565.382	21808.618	363.20
2566.382	21842.522	363.76
2567.374	21881.549	364.82
2568.336	21913.629	363.15
2569.485	21954.025	361.00
2570.479	21991.19	358.83
2571.384	22024.101	363.20
2572.386	22057.614	363.07
2574.383	22127.641	364.86
2575.383	22162.465	360.89
2576.384	22199.281	362.23
2577.386	22233.862	361.26
2578.335	22265.503	359.75
2579.386	22299.15	369.29
2580.386	22336.968	374.09
2581.387	22370.655	366.47
2582.387	22404.4	370.54
2584.387	22472.901	374.63
2585.386	22508.79	369.26
2586.389	22543.733	371.75
2587.438	22579.43	379.57
2588.339	22609.801	376.36
2589.39	22644.673	383.08
2590.391	22680.434	380.03
2591.392	22717.713	375.24
2592.392	22749.946	373.64
2595.053	22843.651	387.24
2595.393	22855.645	381.59
2596.393	22891.302	390.41
2597.394	22924.941	387.55
2598.345	22960.271	380.20
2600.355	23031.003	388.17
