Sample_Name	Latitude_DD	Longitude_DD	Elevation_m	Boulder_Height_m	Month	Est_Avg_SWE_m	Est_SWE_SD	Est_Avg_Snow_Density	Est_Snow_Density_SD	Est_Avg_Snow_Depth_m	Est_Snow_Depth_SD	Snow_Surf_Rel_to_Sample_m	monthly_Ssnow	monthly_Ssnow_SD	annual_Ssnow	annual_Ssnow_SD
C2-Boulder1	37.79927	-119.21545	3408.2	1.8	January	0.461838439	0.109238197	0.337022344	0.021213664	1.375855579	0.338245836	0.021904574	0.995260106	0.017380229	0.975118621	0.014722629
C2-Boulder2	37.79964	-119.21551	3416.8	0.75	January	0.466058492	0.113087933	0.337934541	0.021815336	1.384481358	0.347021237	0.639703767	0.877262409	0.061601347	0.904212779	0.017019714
UpLy-12-10	37.79902	-119.21601	3396.9	0.85	January	0.466814563	0.107832625	0.336998862	0.02081836	1.390810542	0.334596426	0.546929042	0.888439816	0.063482056	0.908981777	0.017357918
LoLy-11-08	37.80048	-119.2635	2738.6	2.5	January	0.401132145	0.09442627	0.32794042	0.02018227	1.226467537	0.292383724	0	1	0	0.99810484	0.004346697
TM14-01	37.77796	-119.26107	2949	0.46	January	0.415720364	0.098644509	0.331347112	0.020820815	1.259129583	0.308155448	0.80048634	0.82498593	0.063195253	0.879197775	0.019821702
TM14-02	37.79127	-119.26223	2751.6	1.1	January	0.401257844	0.090440114	0.328083946	0.021331336	1.228109673	0.288410641	0.193008539	0.963031274	0.040992995	0.953746072	0.015458808
TM14-03	37.79449	-119.26229	2739	2.5	January	0.39387163	0.090388779	0.32787617	0.020155769	1.204880423	0.283379815	7.69E-06	0.999998547	4.59E-05	0.998414774	0.00373391
TM14-04	37.79741	-119.26256	2741.2	0.8	January	0.399373081	0.091508374	0.32928169	0.021298455	1.217458031	0.290447478	0.427617565	0.913602248	0.053295177	0.928451672	0.017042157
TM14-05	37.80099	-119.26339	2735.3	0.82	January	0.398287433	0.088220184	0.328493862	0.020468748	1.21767598	0.283293038	0.408421688	0.918231581	0.051134726	0.931348716	0.015908982
TM14-06	37.80535	-119.26567	2741.4	1.3	January	0.399358425	0.09301795	0.32744747	0.020422482	1.223641521	0.293827668	0.084319844	0.983514219	0.029563995	0.965161616	0.01446456
TM14-07	37.86468	-119.30659	2709.5	1.2	January	0.402174058	0.089470102	0.327840952	0.021396271	1.232574264	0.289257743	0.13094153	0.973458968	0.036907207	0.958983983	0.014860224
TM14-11	37.88017	-119.39292	2672.1	0.65	January	0.390152508	0.093804364	0.328286127	0.020808016	1.193286695	0.297783828	0.546717535	0.885754069	0.05765906	0.914748026	0.017735551
TM14-12	37.88028	-119.39346	2679.4	1.43	January	0.391756864	0.090601047	0.32796727	0.021841695	1.200063248	0.290989337	0.038566304	0.99229756	0.019540062	0.972442241	0.013275608
TM14-13	37.88072	-119.39328	2676.9	0.65	January	0.388997175	0.089833901	0.327597998	0.020601605	1.193085918	0.290394639	0.546047538	0.880253268	0.058444658	0.911217451	0.018012037
TM14-15	37.90074	-119.40054	2638.9	0.87	January	0.391782902	0.090007757	0.327175945	0.021039469	1.202221412	0.287241364	0.348094077	0.929259768	0.05077664	0.937199831	0.016438858
TM14-16	37.88201	-119.34608	2853.1	0.98	January	0.412576518	0.094156733	0.329736989	0.020463067	1.256443564	0.297591482	0.303110368	0.935665338	0.053017683	0.93664574	0.017144018
TM14-17	37.88387	-119.3453	2852.7	0.8	January	0.405742635	0.089576013	0.330994191	0.020764941	1.231110447	0.284285722	0.438672103	0.91350319	0.050909758	0.926655566	0.015465305
TM14-18	37.88412	-119.34521	2858.4	1.55	January	0.405440361	0.091741119	0.330949325	0.021109402	1.230415665	0.291212033	0.022649423	0.995179169	0.015857812	0.974648971	0.013143439
C2-Boulder1	37.79927	-119.21545	3408.2	1.8	February	0.581155344	0.120635193	0.352955261	0.020872014	1.65197447	0.354809459	0.085775541	0.980141453	0.037840806	0.975118621	0.014722629
C2-Boulder2	37.79964	-119.21551	3416.8	0.75	February	0.585551821	0.12555637	0.353896138	0.021393292	1.661090687	0.374128048	0.911979571	0.822018915	0.066339563	0.904212779	0.017019714
UpLy-12-10	37.79902	-119.21601	3396.9	0.85	February	0.578091149	0.127014256	0.351908314	0.021459073	1.648128723	0.372427753	0.799035718	0.834771276	0.0708062	0.908981777	0.017357918
LoLy-11-08	37.80048	-119.2635	2738.6	2.5	February	0.549883874	0.119380895	0.347243609	0.021372441	1.589393183	0.358660386	0.001487261	0.999680593	0.004234815	0.99810484	0.004346697
TM14-01	37.77796	-119.26107	2949	0.46	February	0.560894566	0.115607379	0.348948222	0.021040659	1.613599006	0.348297251	1.15420168	0.746773423	0.068953702	0.879197775	0.019821702
TM14-02	37.79127	-119.26223	2751.6	1.1	February	0.548893179	0.115255398	0.347212501	0.021320795	1.587126381	0.349944544	0.499974452	0.901400189	0.063314248	0.953746072	0.015458808
TM14-03	37.79449	-119.26229	2739	2.5	February	0.542108243	0.118494208	0.346371943	0.019988953	1.56984646	0.354044973	0.001644143	0.999692679	0.004340366	0.998414774	0.00373391
TM14-04	37.79741	-119.26256	2741.2	0.8	February	0.546763425	0.117439012	0.345791402	0.02003731	1.587367844	0.357222176	0.789888085	0.83868484	0.067395548	0.928451672	0.017042157
TM14-05	37.80099	-119.26339	2735.3	0.82	February	0.539294913	0.115729562	0.34680351	0.020772491	1.561380607	0.351863113	0.74410846	0.848496896	0.065012594	0.931348716	0.015908982
TM14-06	37.80535	-119.26567	2741.4	1.3	February	0.545234327	0.114531942	0.347930888	0.021722306	1.572493902	0.342551504	0.311579298	0.936191191	0.057625857	0.965161616	0.01446456
TM14-07	37.86468	-119.30659	2709.5	1.2	February	0.539369723	0.111991749	0.348222691	0.022037689	1.555865551	0.340801795	0.381871334	0.918942847	0.060096727	0.958983983	0.014860224
TM14-11	37.88017	-119.39292	2672.1	0.65	February	0.540185285	0.121580866	0.34623579	0.020922328	1.565765382	0.363347168	0.915732349	0.806196169	0.073113255	0.914748026	0.017735551
TM14-12	37.88028	-119.39346	2679.4	1.43	February	0.539960951	0.122091107	0.345074244	0.020753516	1.571273182	0.372493145	0.228251023	0.952004927	0.055502962	0.972442241	0.013275608
TM14-13	37.88072	-119.39328	2676.9	0.65	February	0.533209363	0.121627313	0.34613802	0.022566122	1.546866582	0.36707233	0.897078895	0.801051683	0.075109408	0.911217451	0.018012037
TM14-15	37.90074	-119.40054	2638.9	0.87	February	0.531915791	0.119976827	0.346525913	0.020938106	1.541035646	0.361326978	0.673714673	0.859545008	0.069843356	0.937199831	0.016438858
TM14-16	37.88201	-119.34608	2853.1	0.98	February	0.545610147	0.117364925	0.348627027	0.021580587	1.570533916	0.35105701	0.595543743	0.870119998	0.069826198	0.93664574	0.017144018
TM14-17	37.88387	-119.3453	2852.7	0.8	February	0.554268277	0.122256272	0.347227352	0.021512529	1.603770771	0.373303104	0.805446065	0.839877602	0.067601141	0.926655566	0.015465305
TM14-18	37.88412	-119.34521	2858.4	1.55	February	0.550970597	0.123615653	0.347478422	0.020369809	1.590980685	0.369538271	0.171078185	0.961693311	0.05092532	0.974648971	0.013143439
C2-Boulder1	37.79927	-119.21545	3408.2	1.8	March	0.74128571	0.173932122	0.373977248	0.02105714	1.987128992	0.473817492	0.301407103	0.928310949	0.079420333	0.975118621	0.014722629
C2-Boulder2	37.79964	-119.21551	3416.8	0.75	March	0.748381344	0.170432206	0.373743642	0.020585948	2.00826701	0.469061806	1.259116583	0.751746546	0.082393067	0.904212779	0.017019714
UpLy-12-10	37.79902	-119.21601	3396.9	0.85	March	0.742958155	0.178534963	0.373212325	0.021049089	1.996395384	0.491775587	1.147003624	0.760370334	0.091364948	0.908981777	0.017357918
LoLy-11-08	37.80048	-119.2635	2738.6	2.5	March	0.702295922	0.161434242	0.366988524	0.020560393	1.919911771	0.455960499	0.025809306	0.99397156	0.024313578	0.99810484	0.004346697
TM14-01	37.77796	-119.26107	2949	0.46	March	0.715417789	0.176790082	0.369640354	0.020877574	1.941773723	0.492265878	1.482376397	0.674647723	0.091262804	0.879197775	0.019821702
TM14-02	37.79127	-119.26223	2751.6	1.1	March	0.690680867	0.165374588	0.36664348	0.020348179	1.888937903	0.462352353	0.80045829	0.839135501	0.085265454	0.953746072	0.015458808
TM14-03	37.79449	-119.26229	2739	2.5	March	0.697085399	0.166012571	0.366925624	0.021295302	1.906244447	0.467811622	0.024615665	0.994663379	0.02255508	0.998414774	0.00373391
TM14-04	37.79741	-119.26256	2741.2	0.8	March	0.69727032	0.170451312	0.366435976	0.021428761	1.909187064	0.477882139	1.112240496	0.77015089	0.089014177	0.928451672	0.017042157
TM14-05	37.80099	-119.26339	2735.3	0.82	March	0.692891479	0.161708597	0.367370467	0.021699942	1.891810063	0.453287475	1.073222534	0.777971148	0.084219	0.931348716	0.015908982
TM14-06	37.80535	-119.26567	2741.4	1.3	March	0.705440353	0.170905231	0.367208506	0.021413231	1.928288549	0.484022992	0.647482763	0.866022645	0.087164566	0.965161616	0.01446456
TM14-07	37.86468	-119.30659	2709.5	1.2	March	0.697905216	0.167998646	0.366770699	0.021140337	1.908879533	0.472433831	0.719464823	0.84567655	0.090113554	0.958983983	0.014860224
TM14-11	37.88017	-119.39292	2672.1	0.65	March	0.704655599	0.160432168	0.366917256	0.021199192	1.928236757	0.456832231	1.278027493	0.728584614	0.085687291	0.914748026	0.017735551
TM14-12	37.88028	-119.39346	2679.4	1.43	March	0.694281336	0.168995334	0.366653277	0.020649104	1.899944373	0.478559868	0.511180987	0.889070946	0.084517425	0.972442241	0.013275608
TM14-13	37.88072	-119.39328	2676.9	0.65	March	0.686144366	0.166801321	0.367105941	0.020996652	1.874723446	0.465966813	1.224625719	0.725826448	0.092983466	0.911217451	0.018012037
TM14-15	37.90074	-119.40054	2638.9	0.87	March	0.682466377	0.167422482	0.365280305	0.020801921	1.87377148	0.470452208	1.007318008	0.788140353	0.087850165	0.937199831	0.016438858
TM14-16	37.88201	-119.34608	2853.1	0.98	March	0.721321024	0.168771519	0.370002339	0.020365706	1.955643444	0.470541687	0.978199695	0.7849855	0.093410611	0.93664574	0.017144018
TM14-17	37.88387	-119.3453	2852.7	0.8	March	0.711713873	0.162282726	0.367722441	0.022386612	1.943050767	0.460825868	1.143236908	0.769843404	0.081578769	0.926655566	0.015465305
TM14-18	37.88412	-119.34521	2858.4	1.55	March	0.703724386	0.165877542	0.368219104	0.020263102	1.917699257	0.469442834	0.423637705	0.901879036	0.087471889	0.974648971	0.013143439
C2-Boulder1	37.79927	-119.21545	3408.2	1.8	April	0.843604615	0.222115246	0.385668607	0.020814823	2.194588236	0.593858241	0.480805744	0.885742251	0.108548248	0.975118621	0.014722629
C2-Boulder2	37.79964	-119.21551	3416.8	0.75	April	0.843045051	0.214429482	0.385403031	0.022460874	2.196268651	0.577702314	1.447975356	0.715334191	0.09764433	0.904212779	0.017019714
UpLy-12-10	37.79902	-119.21601	3396.9	0.85	April	0.842835544	0.208319905	0.385635156	0.021032223	2.191587972	0.555611265	1.342110537	0.719049539	0.0998189	0.908981777	0.017357918
LoLy-11-08	37.80048	-119.2635	2738.6	2.5	April	0.726282322	0.210699244	0.371576785	0.020717136	1.960465396	0.579347829	0.064007901	0.984899255	0.0430224	0.99810484	0.004346697
TM14-01	37.77796	-119.26107	2949	0.46	April	0.758819551	0.210678961	0.375905307	0.020876371	2.026201267	0.578521763	1.567119467	0.656885054	0.106413305	0.879197775	0.019821702
TM14-02	37.79127	-119.26223	2751.6	1.1	April	0.721212848	0.206340758	0.370153322	0.021314705	1.954967395	0.571393229	0.874678675	0.825381501	0.101380419	0.953746072	0.015458808
TM14-03	37.79449	-119.26229	2739	2.5	April	0.718827749	0.212726344	0.370340233	0.020346408	1.946937854	0.58887543	0.05715664	0.98764894	0.036659721	0.998414774	0.00373391
TM14-04	37.79741	-119.26256	2741.2	0.8	April	0.718796755	0.210915666	0.37154506	0.021398053	1.941951393	0.586422635	1.147262467	0.763766079	0.106052447	0.928451672	0.017042157
TM14-05	37.80099	-119.26339	2735.3	0.82	April	0.718464267	0.208542664	0.370955183	0.020320616	1.941447116	0.568953967	1.127447136	0.768242427	0.103656647	0.931348716	0.015908982
TM14-06	37.80535	-119.26567	2741.4	1.3	April	0.740774387	0.210233529	0.372336965	0.020561139	1.996729391	0.580607494	0.731040803	0.848870458	0.101764588	0.965161616	0.01446456
TM14-07	37.86468	-119.30659	2709.5	1.2	April	0.722267486	0.208009692	0.369418946	0.021203846	1.962988612	0.582525744	0.786863413	0.833234752	0.105615882	0.958983983	0.014860224
TM14-11	37.88017	-119.39292	2672.1	0.65	April	0.699893765	0.217374611	0.368418431	0.02037004	1.90618045	0.600992924	1.259857016	0.734122872	0.11102631	0.914748026	0.017735551
TM14-12	37.88028	-119.39346	2679.4	1.43	April	0.725502845	0.209718564	0.368954898	0.020727004	1.974763904	0.58868534	0.600174905	0.87148628	0.102606258	0.972442241	0.013275608
TM14-13	37.88072	-119.39328	2676.9	0.65	April	0.710216557	0.203652715	0.368731661	0.021214221	1.931479684	0.558759353	1.283391918	0.716066954	0.107685839	0.911217451	0.018012037
TM14-15	37.90074	-119.40054	2638.9	0.87	April	0.705808012	0.217079432	0.367727563	0.021997702	1.926685432	0.600966217	1.066068246	0.778354426	0.109999505	0.937199831	0.016438858
TM14-16	37.88201	-119.34608	2853.1	0.98	April	0.740656324	0.207772407	0.373663832	0.021122356	1.987518197	0.569022445	1.014339201	0.778713426	0.108724454	0.93664574	0.017144018
TM14-17	37.88387	-119.3453	2852.7	0.8	April	0.740440373	0.21190512	0.372923348	0.020142514	1.989468442	0.570963927	1.191418886	0.760356702	0.102439374	0.926655566	0.015465305
TM14-18	37.88412	-119.34521	2858.4	1.55	April	0.745275393	0.211879337	0.374481802	0.021038948	1.994892245	0.573193201	0.517318288	0.880509798	0.103109676	0.974648971	0.013143439
C2-Boulder1	37.79927	-119.21545	3408.2	1.8	May	0.77746285	0.183981392	0.376709839	0.021586237	2.071567319	0.508828814	0.372049277	0.912002742	0.090148534	0.975118621	0.014722629
C2-Boulder2	37.79964	-119.21551	3416.8	0.75	May	0.771572285	0.182116405	0.377662406	0.020970351	2.048330206	0.493223656	1.29890422	0.742958478	0.086952962	0.904212779	0.017019714
UpLy-12-10	37.79902	-119.21601	3396.9	0.85	May	0.773889232	0.172823529	0.375773454	0.021556215	2.065902574	0.476903055	1.215669319	0.746156214	0.088308245	0.908981777	0.017357918
LoLy-11-08	37.80048	-119.2635	2738.6	2.5	May	0.487956326	0.167333553	0.338838962	0.02103153	1.44440086	0.501220511	0.005508182	0.998706675	0.011645666	0.99810484	0.004346697
TM14-01	37.77796	-119.26107	2949	0.46	May	0.569399144	0.174238739	0.351024156	0.021700968	1.630561116	0.513134888	1.173640105	0.745766098	0.097469982	0.879197775	0.019821702
TM14-02	37.79127	-119.26223	2751.6	1.1	May	0.494477554	0.172210852	0.340880904	0.021440896	1.456273248	0.515554153	0.434236216	0.916879505	0.075925723	0.953746072	0.015458808
TM14-03	37.79449	-119.26229	2739	2.5	May	0.489358171	0.172003118	0.339457567	0.020588641	1.445492182	0.512496911	0.005186207	0.998973747	0.008455479	0.998414774	0.00373391
TM14-04	37.79741	-119.26256	2741.2	0.8	May	0.487277906	0.175297272	0.339584088	0.022265992	1.442535607	0.531263596	0.670453114	0.866448136	0.090897736	0.928451672	0.017042157
TM14-05	37.80099	-119.26339	2735.3	0.82	May	0.483323353	0.16537454	0.338846458	0.020624462	1.431891987	0.495885677	0.639247779	0.872492752	0.085304547	0.931348716	0.015908982
TM14-06	37.80535	-119.26567	2741.4	1.3	May	0.478347636	0.170959336	0.339845722	0.020967955	1.412406479	0.513254108	0.265871921	0.947463581	0.066319557	0.965161616	0.01446456
TM14-07	37.86468	-119.30659	2709.5	1.2	May	0.469820819	0.167231203	0.338363865	0.020876979	1.394208164	0.505364636	0.311380869	0.9367281	0.071474589	0.958983983	0.014860224
TM14-11	37.88017	-119.39292	2672.1	0.65	May	0.458694386	0.176045454	0.33585141	0.021080028	1.36968339	0.531092012	0.738504298	0.848771795	0.094931058	0.914748026	0.017735551
TM14-12	37.88028	-119.39346	2679.4	1.43	May	0.455283727	0.171290843	0.336315565	0.021500378	1.358893164	0.517383778	0.173632359	0.964447176	0.055534934	0.972442241	0.013275608
TM14-13	37.88072	-119.39328	2676.9	0.65	May	0.461684224	0.174199574	0.335672771	0.020129272	1.380841077	0.525664975	0.750937807	0.837843394	0.099172329	0.911217451	0.018012037
TM14-15	37.90074	-119.40054	2638.9	0.87	May	0.445904625	0.168979113	0.333609675	0.021298251	1.341559772	0.514689773	0.521318704	0.895425746	0.083925513	0.937199831	0.016438858
TM14-16	37.88201	-119.34608	2853.1	0.98	May	0.529799547	0.175007034	0.345183605	0.020698064	1.541561056	0.517603775	0.594245952	0.874131433	0.093223263	0.93664574	0.017144018
TM14-17	37.88387	-119.3453	2852.7	0.8	May	0.532267392	0.169803019	0.345234768	0.020804906	1.546474217	0.500567124	0.762230395	0.850557479	0.085813227	0.926655566	0.015465305
TM14-18	37.88412	-119.34521	2858.4	1.55	May	0.532064917	0.170791785	0.34723847	0.02125977	1.538359851	0.504473353	0.197298339	0.956539138	0.062413129	0.974648971	0.013143439
C2-Boulder1	37.79927	-119.21545	3408.2	1.8	June	0.229749777	0.105785994	0.305688705	0.021142028	0.756536614	0.346389748	0.000150735	0.999971371	0.00078293	0.975118621	0.014722629
C2-Boulder2	37.79964	-119.21551	3416.8	0.75	June	0.227791764	0.107570502	0.307022561	0.021465601	0.746339148	0.351058285	0.138968697	0.974856588	0.03766967	0.904212779	0.017019714
UpLy-12-10	37.79902	-119.21601	3396.9	0.85	June	0.223127776	0.10405223	0.306159822	0.021538799	0.733396613	0.339947908	0.087233499	0.983271885	0.030968694	0.908981777	0.017357918
LoLy-11-08	37.80048	-119.2635	2738.6	2.5	June	0.124870381	0.090376158	0.29315542	0.02185745	0.44024162	0.289503553	0	1	0	0.99810484	0.004346697
TM14-01	37.77796	-119.26107	2949	0.46	June	0.155058337	0.093236369	0.297089851	0.021781569	0.530246557	0.308215819	0.161769046	0.966558386	0.042703469	0.879197775	0.019821702
TM14-02	37.79127	-119.26223	2751.6	1.1	June	0.123385639	0.085407814	0.293121268	0.021044811	0.43346455	0.272905774	0.001581297	0.999732276	0.002944605	0.953746072	0.015458808
TM14-03	37.79449	-119.26229	2739	2.5	June	0.120907148	0.085334204	0.291898424	0.021314951	0.426746096	0.280183637	0	1	0	0.998414774	0.00373391
TM14-04	37.79741	-119.26256	2741.2	0.8	June	0.124363216	0.086981473	0.294161113	0.021580569	0.435677359	0.280200159	0.015615353	0.997085386	0.011317418	0.928451672	0.017042157
TM14-05	37.80099	-119.26339	2735.3	0.82	June	0.12542659	0.085839135	0.293053504	0.021153231	0.44181903	0.279569133	0.015313182	0.997295595	0.01101268	0.931348716	0.015908982
TM14-06	37.80535	-119.26567	2741.4	1.3	June	0.125972303	0.086271815	0.292784195	0.02158609	0.442348084	0.282555133	0.000295784	0.999951287	0.001120938	0.965161616	0.01446456
TM14-07	37.86468	-119.30659	2709.5	1.2	June	0.116503306	0.087332919	0.293174606	0.021676639	0.412398505	0.276537459	0.00101769	0.999843787	0.002562985	0.958983983	0.014860224
TM14-11	37.88017	-119.39292	2672.1	0.65	June	0.116651259	0.089008822	0.291759784	0.020300888	0.41461624	0.287250425	0.039915479	0.992318954	0.01960204	0.914748026	0.017735551
TM14-12	37.88028	-119.39346	2679.4	1.43	June	0.114463994	0.088416212	0.292095385	0.021210438	0.408452264	0.27749301	0	1	0	0.972442241	0.013275608
TM14-13	37.88072	-119.39328	2676.9	0.65	June	0.113041768	0.086780052	0.291943239	0.021715066	0.404125055	0.276634281	0.031492335	0.993722599	0.017487457	0.911217451	0.018012037
TM14-15	37.90074	-119.40054	2638.9	0.87	June	0.107779667	0.083132763	0.291234897	0.021300199	0.386516222	0.262046053	0.004928047	0.999095392	0.005581213	0.937199831	0.016438858
TM14-16	37.88201	-119.34608	2853.1	0.98	June	0.14056745	0.089001794	0.295576887	0.020436666	0.485879015	0.291669677	0.006741047	0.998724281	0.007368695	0.93664574	0.017144018
TM14-17	37.88387	-119.3453	2852.7	0.8	June	0.142586615	0.089077739	0.294804025	0.021933606	0.495801528	0.290310886	0.025936547	0.995348116	0.015014434	0.926655566	0.015465305
TM14-18	37.88412	-119.34521	2858.4	1.55	June	0.140720925	0.091244848	0.295314733	0.021316095	0.485558837	0.3008801	8.85E-05	0.999987197	0.000404864	0.974648971	0.013143439
C2-Boulder1	37.79927	-119.21545	3408.2	1.8	July	0.024794545	0.019208292	0.279814312	0.020718979	0.092342329	0.063490214	0	1	0	0.975118621	0.014722629
C2-Boulder2	37.79964	-119.21551	3416.8	0.75	July	0.023940988	0.020410096	0.280927121	0.021948697	0.090574912	0.065618028	0	1	0	0.904212779	0.017019714
UpLy-12-10	37.79902	-119.21601	3396.9	0.85	July	0.022438639	0.019436525	0.281309	0.021757569	0.084403654	0.064415734	0	1	0	0.908981777	0.017357918
LoLy-11-08	37.80048	-119.2635	2738.6	2.5	July	0.011856155	0.01625833	0.278631941	0.020693238	0.050944498	0.047619494	0	1	0	0.99810484	0.004346697
TM14-01	37.77796	-119.26107	2949	0.46	July	0.015026265	0.016955526	0.279472469	0.022484619	0.060099836	0.052797933	0	1	0	0.879197775	0.019821702
TM14-02	37.79127	-119.26223	2751.6	1.1	July	0.011588799	0.016156732	0.278639413	0.021340777	0.050071374	0.047096879	0	1	0	0.953746072	0.015458808
TM14-03	37.79449	-119.26229	2739	2.5	July	0.011111884	0.016276195	0.278244596	0.021055408	0.04880924	0.04743872	0	1	0	0.998414774	0.00373391
TM14-04	37.79741	-119.26256	2741.2	0.8	July	0.012108093	0.016541264	0.277540553	0.021289075	0.052000277	0.048581259	0	1	0	0.928451672	0.017042157
TM14-05	37.80099	-119.26339	2735.3	0.82	July	0.010934907	0.015702536	0.280413979	0.02056341	0.047417909	0.045117164	0	1	0	0.931348716	0.015908982
TM14-06	37.80535	-119.26567	2741.4	1.3	July	0.012363388	0.016151454	0.278354278	0.021852032	0.051974492	0.047766302	0	1	0	0.965161616	0.01446456
TM14-07	37.86468	-119.30659	2709.5	1.2	July	0.011362808	0.015982008	0.278068455	0.021326214	0.049162955	0.046271158	0	1	0	0.958983983	0.014860224
TM14-11	37.88017	-119.39292	2672.1	0.65	July	0.010597067	0.016568913	0.278601064	0.021018349	0.047735495	0.046414409	0	1	0	0.914748026	0.017735551
TM14-12	37.88028	-119.39346	2679.4	1.43	July	0.011221525	0.01606951	0.277988647	0.021650601	0.048908185	0.046626476	0	1	0	0.972442241	0.013275608
TM14-13	37.88072	-119.39328	2676.9	0.65	July	0.010662672	0.016192374	0.278462213	0.02171792	0.047732689	0.046312079	0	1	0	0.911217451	0.018012037
TM14-15	37.90074	-119.40054	2638.9	0.87	July	0.010127221	0.015908239	0.277865174	0.021622832	0.045905377	0.045253527	0	1	0	0.937199831	0.016438858
TM14-16	37.88201	-119.34608	2853.1	0.98	July	0.013987153	0.016281734	0.277272965	0.020915209	0.05714314	0.05007685	0	1	0	0.93664574	0.017144018
TM14-17	37.88387	-119.3453	2852.7	0.8	July	0.01301123	0.016274822	0.278170055	0.021531823	0.05373852	0.04941469	0	1	0	0.926655566	0.015465305
TM14-18	37.88412	-119.34521	2858.4	1.55	July	0.013528985	0.015821324	0.278712779	0.022031868	0.055064007	0.047678651	0	1	0	0.974648971	0.013143439
C2-Boulder1	37.79927	-119.21545	3408.2	1.8	August	0.000876502	0.000679653	0.277089404	0.021646095	0.003303342	0.002280092	0	1	0	0.975118621	0.014722629
C2-Boulder2	37.79964	-119.21551	3416.8	0.75	August	0.000874085	0.000707303	0.277675364	0.020990068	0.003303831	0.002354321	0	1	0	0.904212779	0.017019714
UpLy-12-10	37.79902	-119.21601	3396.9	0.85	August	0.000875468	0.000692205	0.277130577	0.021285174	0.003308425	0.002304278	0	1	0	0.908981777	0.017357918
LoLy-11-08	37.80048	-119.2635	2738.6	2.5	August	0.000448765	0.000580476	0.278042779	0.020965606	0.001877456	0.001730494	0	1	0	0.99810484	0.004346697
TM14-01	37.77796	-119.26107	2949	0.46	August	0.000585579	0.000596033	0.276630914	0.021013649	0.002324662	0.001880104	0	1	0	0.879197775	0.019821702
TM14-02	37.79127	-119.26223	2751.6	1.1	August	0.000467476	0.000572309	0.276660357	0.021739215	0.001956327	0.001718504	0	1	0	0.953746072	0.015458808
TM14-03	37.79449	-119.26229	2739	2.5	August	0.000445139	0.00054798	0.27636404	0.02089735	0.001858852	0.001640401	0	1	0	0.998414774	0.00373391
TM14-04	37.79741	-119.26256	2741.2	0.8	August	0.000474724	0.000584601	0.277129362	0.021052651	0.001968872	0.001760445	0	1	0	0.928451672	0.017042157
TM14-05	37.80099	-119.26339	2735.3	0.82	August	0.000436779	0.000580693	0.276378705	0.021037228	0.001858933	0.001720821	0	1	0	0.931348716	0.015908982
TM14-06	37.80535	-119.26567	2741.4	1.3	August	0.000474912	0.00057578	0.276557299	0.021021336	0.001978987	0.001721446	0	1	0	0.965161616	0.01446456
TM14-07	37.86468	-119.30659	2709.5	1.2	August	0.000440208	0.000555322	0.276984252	0.021196642	0.001856397	0.001646389	0	1	0	0.958983983	0.014860224
TM14-11	37.88017	-119.39292	2672.1	0.65	August	0.000419575	0.000570726	0.276886508	0.021372242	0.001816804	0.001655669	0	1	0	0.914748026	0.017735551
TM14-12	37.88028	-119.39346	2679.4	1.43	August	0.000414661	0.000571158	0.279065149	0.021930063	0.00178986	0.00165927	0	1	0	0.972442241	0.013275608
TM14-13	37.88072	-119.39328	2676.9	0.65	August	0.00044342	0.000603433	0.276240193	0.021893525	0.001900492	0.00178538	0	1	0	0.911217451	0.018012037
TM14-15	37.90074	-119.40054	2638.9	0.87	August	0.000391448	0.000587943	0.277462891	0.021617149	0.001751616	0.001667058	0	1	0	0.937199831	0.016438858
TM14-16	37.88201	-119.34608	2853.1	0.98	August	0.000527463	0.000562734	0.277085688	0.021289831	0.002112102	0.001743399	0	1	0	0.93664574	0.017144018
TM14-17	37.88387	-119.3453	2852.7	0.8	August	0.000483319	0.00060838	0.27726107	0.021373215	0.002029564	0.00180748	0	1	0	0.926655566	0.015465305
TM14-18	37.88412	-119.34521	2858.4	1.55	August	0.00054121	0.000592892	0.27784855	0.021690534	0.002180198	0.001798897	0	1	0	0.974648971	0.013143439
C2-Boulder1	37.79927	-119.21545	3408.2	1.8	September	0.000338309	0.000742723	0.276980864	0.02080545	0.001799852	0.002017685	0	1	0	0.975118621	0.014722629
C2-Boulder2	37.79964	-119.21551	3416.8	0.75	September	0.000370425	0.000696587	0.276937413	0.021067642	0.001831791	0.001903387	0	1	0	0.904212779	0.017019714
UpLy-12-10	37.79902	-119.21601	3396.9	0.85	September	0.00034851	0.000738549	0.277492224	0.022012968	0.001801827	0.002019715	0	1	0	0.908981777	0.017357918
LoLy-11-08	37.80048	-119.2635	2738.6	2.5	September	0.00028078	0.000600938	0.275724651	0.020845599	0.001480379	0.001647069	0	1	0	0.99810484	0.004346697
TM14-01	37.77796	-119.26107	2949	0.46	September	0.000333104	0.000635688	0.275770795	0.020501586	0.00166558	0.001755205	0	1	0	0.879197775	0.019821702
TM14-02	37.79127	-119.26223	2751.6	1.1	September	0.000285294	0.000613693	0.277452622	0.021353153	0.001477415	0.001659098	0	1	0	0.953746072	0.015458808
TM14-03	37.79449	-119.26229	2739	2.5	September	0.000271597	0.00062733	0.276908804	0.021428586	0.001481983	0.001683507	0	1	0	0.998414774	0.00373391
TM14-04	37.79741	-119.26256	2741.2	0.8	September	0.000303422	0.000607747	0.278171588	0.02152663	0.001524254	0.001665638	0	1	0	0.928451672	0.017042157
TM14-05	37.80099	-119.26339	2735.3	0.82	September	0.000285781	0.000603602	0.275837576	0.021778063	0.001497378	0.001652002	0	1	0	0.931348716	0.015908982
TM14-06	37.80535	-119.26567	2741.4	1.3	September	0.000303968	0.000612239	0.277552823	0.021325794	0.001557171	0.001616724	0	1	0	0.965161616	0.01446456
TM14-07	37.86468	-119.30659	2709.5	1.2	September	0.000302851	0.000607011	0.276817766	0.021435724	0.001533365	0.001689348	0	1	0	0.958983983	0.014860224
TM14-11	37.88017	-119.39292	2672.1	0.65	September	0.000241927	0.000598535	0.278567853	0.02209094	0.001374243	0.001577795	0	1	0	0.914748026	0.017735551
TM14-12	37.88028	-119.39346	2679.4	1.43	September	0.000318575	0.000598514	0.278429969	0.021121949	0.001564347	0.001646817	0	1	0	0.972442241	0.013275608
TM14-13	37.88072	-119.39328	2676.9	0.65	September	0.000325411	0.000613284	0.277479159	0.021781869	0.001595046	0.001688693	0	1	0	0.911217451	0.018012037
TM14-15	37.90074	-119.40054	2638.9	0.87	September	0.000306439	0.000616128	0.278419001	0.021295769	0.00154532	0.001684217	0	1	0	0.937199831	0.016438858
TM14-16	37.88201	-119.34608	2853.1	0.98	September	0.000311935	0.000608446	0.278022645	0.020325098	0.001542839	0.001668523	0	1	0	0.93664574	0.017144018
TM14-17	37.88387	-119.3453	2852.7	0.8	September	0.000336442	0.000595116	0.276239527	0.023047366	0.001625946	0.001660401	0	1	0	0.926655566	0.015465305
TM14-18	37.88412	-119.34521	2858.4	1.55	September	0.000307593	0.000625431	0.277187883	0.020392527	0.00156632	0.001672942	0	1	0	0.974648971	0.013143439
C2-Boulder1	37.79927	-119.21545	3408.2	1.8	October	0.010881131	0.002763954	0.27822796	0.021724319	0.039377665	0.010618009	0	1	0	0.975118621	0.014722629
C2-Boulder2	37.79964	-119.21551	3416.8	0.75	October	0.010871751	0.002712516	0.279150902	0.021898806	0.039235974	0.010478825	0	1	0	0.904212779	0.017019714
UpLy-12-10	37.79902	-119.21601	3396.9	0.85	October	0.010753506	0.002803898	0.278298185	0.021698955	0.038887387	0.010682659	0	1	0	0.908981777	0.017357918
LoLy-11-08	37.80048	-119.2635	2738.6	2.5	October	0.006756829	0.002330254	0.277967682	0.022068912	0.024442636	0.008632966	0	1	0	0.99810484	0.004346697
TM14-01	37.77796	-119.26107	2949	0.46	October	0.008175576	0.002401801	0.277472265	0.020983175	0.029652275	0.009082197	0	1	0	0.879197775	0.019821702
TM14-02	37.79127	-119.26223	2751.6	1.1	October	0.006704511	0.002212014	0.278893084	0.021494416	0.024168122	0.008152198	0	1	0	0.953746072	0.015458808
TM14-03	37.79449	-119.26229	2739	2.5	October	0.006736215	0.002330083	0.278442802	0.02123356	0.024348219	0.008604226	0	1	0	0.998414774	0.00373391
TM14-04	37.79741	-119.26256	2741.2	0.8	October	0.006738474	0.002329406	0.277684823	0.020638704	0.02439424	0.008603173	0	1	0	0.928451672	0.017042157
TM14-05	37.80099	-119.26339	2735.3	0.82	October	0.006705999	0.002225701	0.277936257	0.022030488	0.024298717	0.008360946	0	1	0	0.931348716	0.015908982
TM14-06	37.80535	-119.26567	2741.4	1.3	October	0.006632834	0.00237094	0.27720037	0.020895018	0.02404532	0.008667341	0	1	0	0.965161616	0.01446456
TM14-07	37.86468	-119.30659	2709.5	1.2	October	0.006459563	0.002243294	0.277869518	0.021074293	0.023377655	0.008305526	0	1	0	0.958983983	0.014860224
TM14-11	37.88017	-119.39292	2672.1	0.65	October	0.006294271	0.002263974	0.27819111	0.021929659	0.02275773	0.008377068	0	1	0	0.914748026	0.017735551
TM14-12	37.88028	-119.39346	2679.4	1.43	October	0.006202633	0.002220034	0.27753492	0.0209915	0.022501298	0.008344439	0	1	0	0.972442241	0.013275608
TM14-13	37.88072	-119.39328	2676.9	0.65	October	0.00621288	0.002266629	0.278018287	0.021574592	0.022471387	0.008368576	0	1	0	0.911217451	0.018012037
TM14-15	37.90074	-119.40054	2638.9	0.87	October	0.005997666	0.002242335	0.277926659	0.022324833	0.021729751	0.008385051	0	1	0	0.937199831	0.016438858
TM14-16	37.88201	-119.34608	2853.1	0.98	October	0.007286265	0.002269707	0.278402294	0.021333405	0.026336482	0.008474355	0	1	0	0.93664574	0.017144018
TM14-17	37.88387	-119.3453	2852.7	0.8	October	0.007457786	0.002198862	0.278600203	0.021373666	0.026895505	0.008099626	0	1	0	0.926655566	0.015465305
TM14-18	37.88412	-119.34521	2858.4	1.55	October	0.007365831	0.002318083	0.279754968	0.022149971	0.026478004	0.008584613	0	1	0	0.974648971	0.013143439
C2-Boulder1	37.79927	-119.21545	3408.2	1.8	November	0.099515545	0.021440305	0.28960952	0.021554479	0.345742122	0.080112491	0	1	0	0.975118621	0.014722629
C2-Boulder2	37.79964	-119.21551	3416.8	0.75	November	0.099118292	0.02230038	0.289623932	0.021185612	0.34426635	0.08254119	0	1	0	0.904212779	0.017019714
UpLy-12-10	37.79902	-119.21601	3396.9	0.85	November	0.097510499	0.020219961	0.289830657	0.021490674	0.338516904	0.075541001	0	1	0	0.908981777	0.017357918
LoLy-11-08	37.80048	-119.2635	2738.6	2.5	November	0.063486202	0.018486237	0.285350766	0.021165222	0.223777903	0.067709958	0	1	0	0.99810484	0.004346697
TM14-01	37.77796	-119.26107	2949	0.46	November	0.07552571	0.018112615	0.286208857	0.021964596	0.265878761	0.06870953	0.000133745	0.999973312	0.000499752	0.879197775	0.019821702
TM14-02	37.79127	-119.26223	2751.6	1.1	November	0.065231174	0.018477145	0.285512172	0.022460748	0.229991437	0.068164926	0	1	0	0.953746072	0.015458808
TM14-03	37.79449	-119.26229	2739	2.5	November	0.063608848	0.018591597	0.28499184	0.021101889	0.224338621	0.067538861	0	1	0	0.998414774	0.00373391
TM14-04	37.79741	-119.26256	2741.2	0.8	November	0.063621702	0.018520855	0.284639593	0.02108719	0.224805582	0.06835848	0	1	0	0.928451672	0.017042157
TM14-05	37.80099	-119.26339	2735.3	0.82	November	0.062918694	0.018439007	0.284302419	0.021057206	0.222748984	0.068250997	0	1	0	0.931348716	0.015908982
TM14-06	37.80535	-119.26567	2741.4	1.3	November	0.063674811	0.017714763	0.285057253	0.021081846	0.224778039	0.065445577	0	1	0	0.965161616	0.01446456
TM14-07	37.86468	-119.30659	2709.5	1.2	November	0.061567618	0.018148384	0.284735068	0.021069127	0.21739513	0.066415591	0	1	0	0.958983983	0.014860224
TM14-11	37.88017	-119.39292	2672.1	0.65	November	0.060350953	0.017994441	0.282911757	0.020768331	0.214181246	0.065151831	0	1	0	0.914748026	0.017735551
TM14-12	37.88028	-119.39346	2679.4	1.43	November	0.059834239	0.017754573	0.28483601	0.021883407	0.211467691	0.065661531	0	1	0	0.972442241	0.013275608
TM14-13	37.88072	-119.39328	2676.9	0.65	November	0.061224537	0.017519246	0.283500849	0.0222979	0.217302964	0.064637864	0	1	0	0.911217451	0.018012037
TM14-15	37.90074	-119.40054	2638.9	0.87	November	0.058693054	0.018222205	0.286168994	0.021087656	0.2063122	0.065932595	0	1	0	0.937199831	0.016438858
TM14-16	37.88201	-119.34608	2853.1	0.98	November	0.06862381	0.018188595	0.284800528	0.021231872	0.242460235	0.067481859	0	1	0	0.93664574	0.017144018
TM14-17	37.88387	-119.3453	2852.7	0.8	November	0.069718884	0.019111316	0.286191205	0.021512827	0.24495519	0.069778314	0	1	0	0.926655566	0.015465305
TM14-18	37.88412	-119.34521	2858.4	1.55	November	0.069217655	0.018729951	0.28618063	0.021420708	0.243440916	0.069374351	0	1	0	0.974648971	0.013143439
C2-Boulder1	37.79927	-119.21545	3408.2	1.8	December	0.275664673	0.070817836	0.311852582	0.021450466	0.888316028	0.237412163	2.60E-05	0.999994579	0.000171416	0.975118621	0.014722629
C2-Boulder2	37.79964	-119.21551	3416.8	0.75	December	0.278662992	0.072171373	0.313803267	0.020950964	0.891950661	0.238472865	0.181402533	0.966376221	0.034016682	0.904212779	0.017019714
UpLy-12-10	37.79902	-119.21601	3396.9	0.85	December	0.28013107	0.072701897	0.312004775	0.021413106	0.902160525	0.244052498	0.124714904	0.975722259	0.031888984	0.908981777	0.017357918
LoLy-11-08	37.80048	-119.2635	2738.6	2.5	December	0.213321196	0.061770393	0.30590407	0.02176495	0.700865992	0.208640451	0	1	0	0.99810484	0.004346697
TM14-01	37.77796	-119.26107	2949	0.46	December	0.231804184	0.063987225	0.307657499	0.020670435	0.756017107	0.212636092	0.304800748	0.934783375	0.041042162	0.879197775	0.019821702
TM14-02	37.79127	-119.26223	2751.6	1.1	December	0.216123023	0.06053754	0.304593546	0.020560346	0.713172228	0.207892421	0.003729973	0.99939262	0.004069055	0.953746072	0.015458808
TM14-03	37.79449	-119.26229	2739	2.5	December	0.21043687	0.05919371	0.304234736	0.021597087	0.695094071	0.201922487	0	1	0	0.998414774	0.00373391
TM14-04	37.79741	-119.26256	2741.2	0.8	December	0.210066098	0.06082438	0.304739461	0.020913404	0.692751135	0.208977459	0.043963624	0.991682479	0.018005691	0.928451672	0.017042157
TM14-05	37.80099	-119.26339	2735.3	0.82	December	0.208006832	0.060341517	0.304975507	0.022181093	0.686681302	0.208940466	0.035357555	0.993454194	0.016307932	0.931348716	0.015908982
TM14-06	37.80535	-119.26567	2741.4	1.3	December	0.212571839	0.057077737	0.304291252	0.021363417	0.70134103	0.193161437	0.00044389	0.999926016	0.001232567	0.965161616	0.01446456
TM14-07	37.86468	-119.30659	2709.5	1.2	December	0.209972855	0.059172426	0.303714789	0.021752748	0.69477969	0.201385161	0.000424264	0.999922786	0.001021947	0.958983983	0.014860224
TM14-11	37.88017	-119.39292	2672.1	0.65	December	0.202667593	0.060825759	0.304105822	0.02140206	0.669979952	0.207335061	0.093335891	0.981227834	0.025221572	0.914748026	0.017735551
TM14-12	37.88028	-119.39346	2679.4	1.43	December	0.207619742	0.059552835	0.304045724	0.023109706	0.687182266	0.206046539	0	1	0	0.972442241	0.013275608
TM14-13	37.88072	-119.39328	2676.9	0.65	December	0.20402244	0.060602083	0.303479154	0.021120479	0.675149362	0.204676306	0.095200374	0.979845069	0.026870872	0.911217451	0.018012037
TM14-15	37.90074	-119.40054	2638.9	0.87	December	0.198631337	0.060683585	0.303046098	0.020645977	0.658361304	0.206564492	0.018082118	0.996577282	0.010785089	0.937199831	0.016438858
TM14-16	37.88201	-119.34608	2853.1	0.98	December	0.220489426	0.063497093	0.305480524	0.02060971	0.725097596	0.214377178	0.013096841	0.997408904	0.009637348	0.93664574	0.017144018
TM14-17	37.88387	-119.3453	2852.7	0.8	December	0.223409741	0.060483795	0.306500426	0.020752093	0.732585563	0.204991976	0.051626566	0.990380299	0.017421124	0.926655566	0.015465305
TM14-18	37.88412	-119.34521	2858.4	1.55	December	0.223872594	0.061653734	0.305457865	0.020873865	0.737233576	0.212705414	0	1	0	0.974648971	0.013143439
