PercentSnow	Sample_Name	Age_B2010	TotalUncert	ErosionRate_gcm2ka	ScalingBeSpallation	ScalingFastMuonsBe	ScalingSlowMuonsBe	ProductionBeSpallation	ProductionMuonSpallationBe	QsBe	QmuBe	InternalUncert
0	C2-Boulder1	15.7	1.2	0.278	12.1479	4.3561	4.3561	45.5592	0.2333	0.9674	0.9827	0.324
0	C2-Boulder2	14.7	1.2	0.278	12.2136	4.3734	4.3734	45.6475	0.2326	0.9628	0.9751	0.390
0	UpLy-12-10	14.0	1.1	0.278	12.0622	4.3335	4.3335	45.6175	0.2336	0.9735	0.9865	0.299
0	LoLy-11-08	15.3	1.2	0.278	7.8460	3.1802	3.1802	29.0005	0.1735	0.9810	0.9939	0.397
0	TM14-01	14.9	1.1	0.000	9.0345	3.5149	3.5149	33.8473	0.1922	0.9801	0.9936	0.264
0	TM14-02	14.6	1.1	0.000	7.9146	3.1997	3.1997	28.8491	0.1731	0.9588	0.9770	0.299
0	TM14-03	15.5	1.2	0.000	7.8474	3.1806	3.1806	28.7432	0.1729	0.9653	0.9830	0.350
0	TM14-04	14.1	1.1	0.000	7.8595	3.1840	3.1840	29.6544	0.1755	0.9955	0.9985	0.240
0	TM14-05	14.0	1.1	0.000	7.8284	3.1752	3.1752	29.4778	0.1747	0.9956	0.9985	0.341
0	TM14-06	14.8	1.1	0.278	7.8615	3.1847	3.1847	29.5986	0.1751	0.9957	0.9985	0.313
0	TM14-07	16.6	1.3	0.270	7.6990	3.1391	3.1391	29.0905	0.1764	0.9657	0.9839	0.392
0	TM14-11	14.0	1.1	0.267	7.5070	3.0846	3.0846	28.7589	0.1750	0.9821	0.9944	0.310
0	TM14-12	16.0	1.3	0.267	7.5448	3.0955	3.0955	28.7962	0.1755	0.9744	0.9899	0.401
0	TM14-13	22.1	1.7	0.267	7.5319	3.0918	3.0918	28.3299	0.1728	0.9765	0.9924	0.667
0	TM14-15	15.2	1.1	0.000	7.3395	3.0364	3.0364	28.0287	0.1725	0.9774	0.9921	0.267
0	TM14-16	13.9	1.1	0.000	8.4882	3.3640	3.3640	32.1974	0.1877	0.9724	0.9886	0.293
0	TM14-17	14.8	1.1	0.000	8.4861	3.3635	3.3635	32.8075	0.1897	0.9870	0.9954	0.270
0	TM14-18	15.6	1.1	0.000	8.5186	3.3726	3.3726	32.5697	0.1889	0.9812	0.9938	0.295
10	C2-Boulder1	15.7	1.2	0.278	12.1479	4.3561	4.3561	45.5592	0.2333	0.9674	0.9827	0.324
10	C2-Boulder2	14.7	1.2	0.278	12.2136	4.3734	4.3734	45.6475	0.2326	0.9628	0.9751	0.390
10	UpLy-12-10	14.0	1.1	0.278	12.0622	4.3335	4.3335	45.6175	0.2336	0.9735	0.9865	0.299
10	LoLy-11-08	15.3	1.2	0.278	7.8460	3.1802	3.1802	29.0005	0.1735	0.9810	0.9939	0.397
10	TM14-01	14.9	1.1	0.000	9.0345	3.5149	3.5149	33.8470	0.1921	0.9801	0.9936	0.264
10	TM14-02	14.6	1.1	0.000	7.9146	3.1997	3.1997	28.8491	0.1731	0.9588	0.9770	0.299
10	TM14-03	15.5	1.2	0.000	7.8474	3.1806	3.1806	28.7432	0.1729	0.9653	0.9830	0.350
10	TM14-04	14.1	1.1	0.000	7.8595	3.1840	3.1840	29.6544	0.1755	0.9955	0.9985	0.240
10	TM14-05	14.0	1.1	0.000	7.8284	3.1752	3.1752	29.4778	0.1747	0.9956	0.9985	0.341
10	TM14-06	14.8	1.1	0.278	7.8615	3.1847	3.1847	29.5986	0.1751	0.9957	0.9985	0.313
10	TM14-07	16.6	1.3	0.270	7.6990	3.1391	3.1391	29.0905	0.1764	0.9657	0.9839	0.392
10	TM14-11	14.0	1.1	0.267	7.5070	3.0846	3.0846	28.7589	0.1750	0.9821	0.9944	0.310
10	TM14-12	16.0	1.3	0.267	7.5448	3.0955	3.0955	28.7962	0.1755	0.9744	0.9899	0.401
10	TM14-13	22.1	1.7	0.267	7.5319	3.0918	3.0918	28.3299	0.1728	0.9765	0.9924	0.667
10	TM14-15	15.2	1.1	0.000	7.3395	3.0364	3.0364	28.0287	0.1725	0.9774	0.9921	0.267
10	TM14-16	13.9	1.1	0.000	8.4882	3.3640	3.3640	32.1974	0.1877	0.9724	0.9886	0.293
10	TM14-17	14.8	1.1	0.000	8.4861	3.3635	3.3635	32.8075	0.1897	0.9870	0.9954	0.270
10	TM14-18	15.6	1.1	0.000	8.5186	3.3726	3.3726	32.5697	0.1889	0.9812	0.9938	0.295
100	C2-Boulder1	16.0	1.3	0.278	12.1479	4.3561	4.3561	44.4246	0.2275	0.9674	0.9827	0.435
100	C2-Boulder2	16.2	1.3	0.278	12.2136	4.3734	4.3734	41.2736	0.2103	0.9628	0.9751	0.525
100	UpLy-12-10	15.3	1.2	0.278	12.0622	4.3335	4.3335	41.4667	0.2123	0.9735	0.9865	0.430
100	LoLy-11-08	15.3	1.2	0.278	7.8460	3.1802	3.1802	28.9444	0.1732	0.9810	0.9939	0.472
100	TM14-01	16.8	1.3	0.000	9.0345	3.5149	3.5149	29.7582	0.1689	0.9801	0.9936	0.482
100	TM14-02	15.2	1.1	0.000	7.9146	3.1997	3.1997	27.5150	0.1650	0.9588	0.9770	0.381
100	TM14-03	15.5	1.2	0.000	7.8474	3.1806	3.1806	28.6987	0.1726	0.9653	0.9830	0.356
100	TM14-04	15.1	1.2	0.000	7.8595	3.1840	3.1840	27.5318	0.1630	0.9955	0.9985	0.368
100	TM14-05	14.9	1.2	0.000	7.8284	3.1752	3.1752	27.4551	0.1627	0.9956	0.9985	0.423
100	TM14-06	15.3	1.2	0.278	7.8615	3.1847	3.1847	28.5664	0.1690	0.9957	0.9985	0.396
100	TM14-07	17.2	1.4	0.270	7.6990	3.1391	3.1391	27.8960	0.1691	0.9657	0.9839	0.510
100	TM14-11	15.2	1.2	0.267	7.5070	3.0846	3.0846	26.3076	0.1601	0.9821	0.9944	0.467
100	TM14-12	16.5	1.3	0.267	7.5448	3.0955	3.0955	28.0013	0.1706	0.9744	0.9899	0.424
100	TM14-13	24.2	1.9	0.267	7.5319	3.0918	3.0918	25.8144	0.1575	0.9765	0.9924	0.809
100	TM14-15	16.1	1.3	0.000	7.3395	3.0364	3.0364	26.2676	0.1616	0.9774	0.9921	0.399
100	TM14-16	14.8	1.1	0.000	8.4882	3.3640	3.3640	30.1563	0.1758	0.9724	0.9886	0.399
100	TM14-17	15.9	1.2	0.000	8.4861	3.3635	3.3635	30.3998	0.1758	0.9870	0.9954	0.405
100	TM14-18	16.0	1.2	0.000	8.5186	3.3726	3.3726	31.7438	0.1841	0.98121	0.99376	0.374
