Sample_Name	PercentSnow	LSDn_Age_yr	LSDn_Interr_yr	LSDn_Exterr_yr
C2-Boulder1	0	14832	202	912
C2-Boulder2	0	14018	332	903
UpLy-12-10	0	13201	206	817
LoLy-11-08	0	14499	357	940
TM14-01	0	14124	236	869
TM14-02	0	13835	233	852
TM14-03	0	14765	300	925
TM14-04	0	13294	199	812
TM14-05	0	13134	312	838
TM14-06	0	14014	244	875
TM14-07	0	15626	272	977
TM14-11	0	13151	261	829
TM14-12	0	15152	262	946
TM14-13	0	21050	437	1344
TM14-15	0	14405	226	882
TM14-16	0	13064	253	813
TM14-17	0	14105	246	871
TM14-18	0	14863	244	913
C2-Boulder1	10	14832	202	912
C2-Boulder2	10	14018	332	903
UpLy-12-10	10	13201	206	817
LoLy-11-08	10	14499	357	940
TM14-01	10	14124	236	869
TM14-02	10	13835	233	852
TM14-03	10	14765	300	925
TM14-04	10	13294	199	812
TM14-05	10	13134	312	838
TM14-06	10	14014	244	875
TM14-07	10	15626	272	977
TM14-11	10	13151	261	829
TM14-12	10	15152	262	946
TM14-13	10	21050	437	1344
TM14-15	10	14405	226	882
TM14-16	10	13064	253	813
TM14-17	10	14105	246	871
TM14-18	10	14863	244	913
C2-Boulder1	20	14832	202	912
C2-Boulder2	20	14020	332	903
UpLy-12-10	20	13202	206	817
LoLy-11-08	20	14499	357	940
TM14-01	20	14164	237	872
TM14-02	20	13835	233	852
TM14-03	20	14765	300	925
TM14-04	20	13295	199	812
TM14-05	20	13134	312	838
TM14-06	20	14014	244	875
TM14-07	20	15626	272	977
TM14-11	20	13154	261	830
TM14-12	20	15152	262	946
TM14-13	20	21055	437	1344
TM14-15	20	14405	226	882
TM14-16	20	13064	253	813
TM14-17	20	14106	246	871
TM14-18	20	14863	244	913
C2-Boulder1	30	14832	202	912
C2-Boulder2	30	14074	333	907
UpLy-12-10	30	13232	207	819
LoLy-11-08	30	14499	357	940
TM14-01	30	14329	240	882
TM14-02	30	13837	233	852
TM14-03	30	14765	300	925
TM14-04	30	13314	200	813
TM14-05	30	13148	312	839
TM14-06	30	14014	244	875
TM14-07	30	15626	272	977
TM14-11	30	13202	262	833
TM14-12	30	15152	262	946
TM14-13	30	21124	438	1348
TM14-15	30	14415	226	883
TM14-16	30	13068	253	814
TM14-17	30	14124	247	872
TM14-18	30	14863	244	913
C2-Boulder1	40	14832	202	912
C2-Boulder2	40	14204	336	916
UpLy-12-10	40	13342	209	826
LoLy-11-08	40	14499	357	940
TM14-01	40	14540	243	895
TM14-02	40	13853	233	853
TM14-03	40	14765	300	925
TM14-04	40	13387	201	817
TM14-05	40	13211	314	843
TM14-06	40	14017	244	875
TM14-07	40	15635	272	977
TM14-11	40	13325	265	840
TM14-12	40	15153	262	946
TM14-13	40	21291	442	1359
TM14-15	40	14460	226	886
TM14-16	40	13103	253	816
TM14-17	40	14197	248	876
TM14-18	40	14863	244	913
C2-Boulder1	50	14835	202	913
C2-Boulder2	50	14388	341	928
UpLy-12-10	50	13519	211	837
LoLy-11-08	50	14499	357	940
TM14-01	50	14769	247	909
TM14-02	50	13910	234	856
TM14-03	50	14765	300	925
TM14-04	50	13521	203	826
TM14-05	50	13324	316	850
TM14-06	50	14036	244	876
TM14-07	50	15671	273	979
TM14-11	50	13491	268	851
TM14-12	50	15162	262	946
TM14-13	50	21499	446	1373
TM14-15	50	14559	228	892
TM14-16	50	13184	255	821
TM14-17	50	14319	250	884
TM14-18	50	14869	244	914
C2-Boulder1	60	14851	202	914
C2-Boulder2	60	14568	345	939
UpLy-12-10	60	13707	214	849
LoLy-11-08	60	14499	357	940
TM14-01	60	14959	250	921
TM14-02	60	14003	236	862
TM14-03	60	14765	300	925
TM14-04	60	13658	205	834
TM14-05	60	13470	320	859
TM14-06	60	14085	245	879
TM14-07	60	15739	274	984
TM14-11	60	13665	272	862
TM14-12	60	15192	263	948
TM14-13	60	21748	451	1389
TM14-15	60	14687	230	900
TM14-16	60	13294	257	828
TM14-17	60	14470	253	893
TM14-18	60	14889	245	915
C2-Boulder1	64	14865	202	914
C2-Boulder2	64	14659	347	945
UpLy-12-10	64	13810	216	855
LoLy-11-08	64	14499	357	940
TM14-01	64	15041	252	926
TM14-02	64	14027	236	863
TM14-03	64	14765	300	925
TM14-04	64	13734	206	839
TM14-05	64	13549	322	864
TM14-06	64	14108	245	881
TM14-07	64	15779	275	986
TM14-11	64	13747	273	867
TM14-12	64	15210	263	949
TM14-13	64	21844	453	1396
TM14-15	64	14743	231	903
TM14-16	64	13358	258	832
TM14-17	64	14537	254	898
TM14-18	64	14902	245	916
C2-Boulder1	65	14863	202	914
C2-Boulder2	65	14681	348	947
UpLy-12-10	65	13825	216	856
LoLy-11-08	65	14499	357	940
TM14-01	65	15060	252	927
TM14-02	65	14043	236	864
TM14-03	65	14765	300	925
TM14-04	65	13747	206	840
TM14-05	65	13554	322	865
TM14-06	65	14111	246	881
TM14-07	65	15790	275	987
TM14-11	65	13757	274	868
TM14-12	65	15213	263	950
TM14-13	65	21863	454	1397
TM14-15	65	14760	231	904
TM14-16	65	13372	259	833
TM14-17	65	14540	254	898
TM14-18	65	14905	245	916
C2-Boulder1	66	14869	202	915
C2-Boulder2	66	14699	348	948
UpLy-12-10	66	13850	217	858
LoLy-11-08	66	14499	357	940
TM14-01	66	15085	253	928
TM14-02	66	14055	237	865
TM14-03	66	14765	300	925
TM14-04	66	13763	206	841
TM14-05	66	13570	322	866
TM14-06	66	14120	246	881
TM14-07	66	15795	275	987
TM14-11	66	13778	274	869
TM14-12	66	15217	263	950
TM14-13	66	21870	454	1397
TM14-15	66	14771	231	905
TM14-16	66	13394	259	834
TM14-17	66	14566	255	899
TM14-18	66	14908	245	916
C2-Boulder1	67	14872	202	915
C2-Boulder2	67	14721	349	949
UpLy-12-10	67	13865	217	859
LoLy-11-08	67	14499	357	940
TM14-01	67	15105	253	930
TM14-02	67	14071	237	866
TM14-03	67	14765	300	925
TM14-04	67	13781	207	842
TM14-05	67	13589	323	867
TM14-06	67	14128	246	882
TM14-07	67	15804	275	988
TM14-11	67	13802	274	871
TM14-12	67	15223	263	950
TM14-13	67	21892	454	1399
TM14-15	67	14790	232	906
TM14-16	67	13412	259	835
TM14-17	67	14576	255	900
TM14-18	67	14911	245	916
C2-Boulder1	70	14890	202	916
C2-Boulder2	70	14770	350	953
UpLy-12-10	70	13948	218	864
LoLy-11-08	70	14499	357	940
TM14-01	70	15170	254	934
TM14-02	70	14097	237	868
TM14-03	70	14766	300	925
TM14-04	70	13843	207	845
TM14-05	70	13637	324	870
TM14-06	70	14150	246	883
TM14-07	70	15834	276	990
TM14-11	70	13863	276	875
TM14-12	70	15243	263	952
TM14-13	70	21983	456	1405
TM14-15	70	14818	232	908
TM14-16	70	13457	260	838
TM14-17	70	14632	256	903
TM14-18	70	14933	245	918
C2-Boulder1	72	14895	202	916
C2-Boulder2	72	14814	351	955
UpLy-12-10	72	13979	219	866
LoLy-11-08	72	14500	357	940
TM14-01	72	15231	255	937
TM14-02	72	14120	238	869
TM14-03	72	14766	300	925
TM14-04	72	13880	208	848
TM14-05	72	13669	325	872
TM14-06	72	14165	246	884
TM14-07	72	15869	276	992
TM14-11	72	13914	277	878
TM14-12	72	15257	264	952
TM14-13	72	22038	458	1408
TM14-15	72	14845	233	909
TM14-16	72	13491	261	840
TM14-17	72	14664	256	905
TM14-18	72	14941	246	918
C2-Boulder1	73	14899	203	917
C2-Boulder2	73	14840	352	957
UpLy-12-10	73	14000	219	867
LoLy-11-08	73	14500	357	940
TM14-01	73	15238	255	938
TM14-02	73	14130	238	870
TM14-03	73	14766	300	925
TM14-04	73	13890	208	848
TM14-05	73	13684	325	873
TM14-06	73	14178	247	885
TM14-07	73	15878	277	993
TM14-11	73	13932	277	879
TM14-12	73	15266	264	953
TM14-13	73	22055	458	1409
TM14-15	73	14861	233	910
TM14-16	73	13507	261	841
TM14-17	73	14682	257	906
TM14-18	73	14950	246	919
C2-Boulder1	75	14913	203	917
C2-Boulder2	75	14875	352	959
UpLy-12-10	75	14052	220	870
LoLy-11-08	75	14500	357	940
TM14-01	75	15271	256	940
TM14-02	75	14154	238	871
TM14-03	75	14767	300	925
TM14-04	75	13925	209	850
TM14-05	75	13722	326	875
TM14-06	75	14200	247	886
TM14-07	75	15913	277	995
TM14-11	75	13981	278	882
TM14-12	75	15281	264	954
TM14-13	75	22110	459	1413
TM14-15	75	14899	233	913
TM14-16	75	13550	262	844
TM14-17	75	14719	257	909
TM14-18	75	14959	246	919
C2-Boulder1	77	14925	203	918
C2-Boulder2	77	14908	353	962
UpLy-12-10	77	14082	220	872
LoLy-11-08	77	14501	357	940
TM14-01	77	15324	257	943
TM14-02	77	14178	239	873
TM14-03	77	14767	300	925
TM14-04	77	13977	209	854
TM14-05	77	13746	326	877
TM14-06	77	14218	247	888
TM14-07	77	15932	278	996
TM14-11	77	14006	279	884
TM14-12	77	15298	264	955
TM14-13	77	22169	460	1417
TM14-15	77	14925	234	914
TM14-16	77	13572	262	845
TM14-17	77	14761	258	911
TM14-18	77	14971	246	920
C2-Boulder1	78	14936	203	919
C2-Boulder2	78	14927	354	963
UpLy-12-10	78	14096	221	873
LoLy-11-08	78	14501	357	940
TM14-01	78	15347	257	945
TM14-02	78	14190	239	873
TM14-03	78	14768	300	925
TM14-04	78	13990	210	854
TM14-05	78	13772	327	879
TM14-06	78	14229	248	888
TM14-07	78	15951	278	997
TM14-11	78	14032	279	886
TM14-12	78	15309	265	956
TM14-13	78	22212	461	1420
TM14-15	78	14932	234	915
TM14-16	78	13595	263	847
TM14-17	78	14780	258	913
TM14-18	78	14978	246	921
C2-Boulder1	79	14939	203	919
C2-Boulder2	79	14944	354	964
UpLy-12-10	79	14125	221	875
LoLy-11-08	79	14501	357	940
TM14-01	79	15367	257	946
TM14-02	79	14207	239	875
TM14-03	79	14768	300	925
TM14-04	79	13999	210	855
TM14-05	79	13790	328	880
TM14-06	79	14238	248	889
TM14-07	79	15970	278	998
TM14-11	79	14055	280	887
TM14-12	79	15317	265	956
TM14-13	79	22215	461	1420
TM14-15	79	14958	234	916
TM14-16	79	13605	263	847
TM14-17	79	14786	258	913
TM14-18	79	14993	246	921
C2-Boulder1	80	14942	203	919
C2-Boulder2	80	14954	354	965
UpLy-12-10	80	14140	221	876
LoLy-11-08	80	14503	357	940
TM14-01	80	15397	258	948
TM14-02	80	14222	239	875
TM14-03	80	14767	300	925
TM14-04	80	14024	210	857
TM14-05	80	13807	328	881
TM14-06	80	14249	248	889
TM14-07	80	15968	278	998
TM14-11	80	14066	280	888
TM14-12	80	15323	265	957
TM14-13	80	22239	462	1421
TM14-15	80	14950	234	916
TM14-16	80	13617	263	848
TM14-17	80	14807	259	914
TM14-18	80	15000	247	922
C2-Boulder1	82	14964	203	921
C2-Boulder2	82	14986	355	967
UpLy-12-10	82	14184	222	879
LoLy-11-08	82	14502	357	940
TM14-01	82	15459	259	952
TM14-02	82	14240	240	877
TM14-03	82	14768	300	925
TM14-04	82	14062	211	859
TM14-05	82	13858	329	884
TM14-06	82	14275	248	891
TM14-07	82	15998	279	1000
TM14-11	82	14103	280	890
TM14-12	82	15343	265	958
TM14-13	82	22293	463	1425
TM14-15	82	14994	235	919
TM14-16	82	13652	264	850
TM14-17	82	14821	259	915
TM14-18	82	15009	247	922
C2-Boulder1	83	14969	203	921
C2-Boulder2	83	15008	356	968
UpLy-12-10	83	14199	222	880
LoLy-11-08	83	14504	357	940
TM14-01	83	15466	259	952
TM14-02	83	14256	240	878
TM14-03	83	14769	300	925
TM14-04	83	14076	211	860
TM14-05	83	13854	329	884
TM14-06	83	14274	248	891
TM14-07	83	16021	279	1002
TM14-11	83	14120	281	891
TM14-12	83	15350	265	958
TM14-13	83	22327	464	1427
TM14-15	83	15003	235	919
TM14-16	83	13683	265	852
TM14-17	83	14848	259	917
TM14-18	83	15016	247	923
C2-Boulder1	85	14983	204	922
C2-Boulder2	85	15054	357	971
UpLy-12-10	85	14244	223	883
LoLy-11-08	85	14505	357	940
TM14-01	85	15516	260	955
TM14-02	85	14297	241	880
TM14-03	85	14772	300	925
TM14-04	85	14094	211	861
TM14-05	85	13899	330	887
TM14-06	85	14305	249	893
TM14-07	85	16050	280	1004
TM14-11	85	14141	281	893
TM14-12	85	15370	266	960
TM14-13	85	22385	465	1431
TM14-15	85	15037	236	921
TM14-16	85	13704	265	854
TM14-17	85	14879	260	919
TM14-18	85	15043	247	925
C2-Boulder1	87	15001	204	923
C2-Boulder2	87	15078	357	973
UpLy-12-10	87	14302	224	886
LoLy-11-08	87	14509	357	941
TM14-01	87	15557	261	958
TM14-02	87	14317	241	881
TM14-03	87	14771	300	925
TM14-04	87	14138	212	864
TM14-05	87	13944	331	890
TM14-06	87	14329	249	895
TM14-07	87	16087	280	1006
TM14-11	87	14181	282	895
TM14-12	87	15388	266	961
TM14-13	87	22445	466	1435
TM14-15	87	15066	236	923
TM14-16	87	13752	266	857
TM14-17	87	14909	261	921
TM14-18	87	15050	247	925
C2-Boulder1	89	15021	204	924
C2-Boulder2	89	15122	358	976
UpLy-12-10	89	14333	224	888
LoLy-11-08	89	14507	357	940
TM14-01	89	15620	262	961
TM14-02	89	14326	241	882
TM14-03	89	14772	300	925
TM14-04	89	14163	212	865
TM14-05	89	13977	332	892
TM14-06	89	14353	250	896
TM14-07	89	16124	281	1008
TM14-11	89	14216	283	898
TM14-12	89	15409	266	962
TM14-13	89	22508	468	1439
TM14-15	89	15086	236	924
TM14-16	89	13776	266	858
TM14-17	89	14933	261	922
TM14-18	89	15069	248	926
C2-Boulder1	90	15024	204	924
C2-Boulder2	90	15135	359	977
UpLy-12-10	90	14358	225	890
LoLy-11-08	90	14509	357	941
TM14-01	90	15621	262	961
TM14-02	90	14350	242	883
TM14-03	90	14773	301	925
TM14-04	90	14179	213	866
TM14-05	90	13992	332	893
TM14-06	90	14358	250	896
TM14-07	90	16128	281	1008
TM14-11	90	14235	283	899
TM14-12	90	15427	267	963
TM14-13	90	22502	467	1439
TM14-15	90	15097	236	925
TM14-16	90	13812	267	860
TM14-17	90	14950	261	923
TM14-18	90	15073	248	926
C2-Boulder1	91	15046	205	926
C2-Boulder2	91	15154	359	978
UpLy-12-10	91	14371	225	891
LoLy-11-08	91	14511	357	941
TM14-01	91	15671	262	965
TM14-02	91	14364	242	884
TM14-03	91	14774	301	925
TM14-04	91	14218	213	868
TM14-05	91	14016	333	894
TM14-06	91	14368	250	897
TM14-07	91	16161	282	1011
TM14-11	91	14259	284	900
TM14-12	91	15428	267	963
TM14-13	91	22568	469	1443
TM14-15	91	15113	237	926
TM14-16	91	13824	267	861
TM14-17	91	14972	262	924
TM14-18	91	15087	248	927
C2-Boulder1	92	15051	205	926
C2-Boulder2	92	15187	360	980
UpLy-12-10	92	14410	226	893
LoLy-11-08	92	14511	357	941
TM14-01	92	15654	262	964
TM14-02	92	14377	242	885
TM14-03	92	14775	301	925
TM14-04	92	14214	213	868
TM14-05	92	14034	333	895
TM14-06	92	14386	250	898
TM14-07	92	16158	282	1010
TM14-11	92	14283	284	902
TM14-12	92	15438	267	964
TM14-13	92	22575	469	1443
TM14-15	92	15126	237	927
TM14-16	92	13835	268	862
TM14-17	92	14973	262	924
TM14-18	92	15092	248	928
C2-Boulder1	93	15055	205	926
C2-Boulder2	93	15203	360	981
UpLy-12-10	93	14424	226	894
LoLy-11-08	93	14512	357	941
TM14-01	93	15713	263	967
TM14-02	93	14394	242	886
TM14-03	93	14778	301	925
TM14-04	93	14242	213	870
TM14-05	93	14040	333	896
TM14-06	93	14400	251	899
TM14-07	93	16174	282	1011
TM14-11	93	14291	284	902
TM14-12	93	15459	267	965
TM14-13	93	22626	470	1447
TM14-15	93	15154	237	928
TM14-16	93	13872	268	864
TM14-17	93	14988	262	925
TM14-18	93	15107	248	929
C2-Boulder1	94	15065	205	927
C2-Boulder2	94	15227	361	983
UpLy-12-10	94	14438	226	895
LoLy-11-08	94	14514	357	941
TM14-01	94	15738	264	969
TM14-02	94	14407	243	887
TM14-03	94	14777	301	925
TM14-04	94	14263	214	871
TM14-05	94	14066	334	897
TM14-06	94	14419	251	900
TM14-07	94	16193	282	1013
TM14-11	94	14305	285	903
TM14-12	94	15464	267	966
TM14-13	94	22647	470	1448
TM14-15	94	15164	238	929
TM14-16	94	13888	269	865
TM14-17	94	15013	262	927
TM14-18	94	15115	248	929
C2-Boulder1	95	15076	205	928
C2-Boulder2	95	15240	361	983
UpLy-12-10	95	14457	226	896
LoLy-11-08	95	14515	357	941
TM14-01	95	15753	264	970
TM14-02	95	14419	243	888
TM14-03	95	14779	301	925
TM14-04	95	14262	214	871
TM14-05	95	14069	334	898
TM14-06	95	14421	251	900
TM14-07	95	16209	282	1014
TM14-11	95	14331	285	905
TM14-12	95	15479	268	967
TM14-13	95	22667	471	1449
TM14-15	95	15176	238	930
TM14-16	95	13910	269	866
TM14-17	95	15028	263	928
TM14-18	95	15121	249	929
C2-Boulder1	96	15084	205	928
C2-Boulder2	96	15270	362	985
UpLy-12-10	96	14485	227	898
LoLy-11-08	96	14513	357	941
TM14-01	96	15783	264	972
TM14-02	96	14447	243	889
TM14-03	96	14779	301	925
TM14-04	96	14294	214	873
TM14-05	96	14105	335	900
TM14-06	96	14429	251	901
TM14-07	96	16226	283	1015
TM14-11	96	14353	286	906
TM14-12	96	15494	268	967
TM14-13	96	22701	472	1452
TM14-15	96	15198	238	931
TM14-16	96	13943	270	868
TM14-17	96	15043	263	929
TM14-18	96	15131	249	930
C2-Boulder1	97	15105	205	929
C2-Boulder2	97	15280	362	986
UpLy-12-10	97	14497	227	898
LoLy-11-08	97	14519	358	941
TM14-01	97	15795	265	972
TM14-02	97	14455	243	890
TM14-03	97	14780	301	925
TM14-04	97	14298	214	873
TM14-05	97	14111	335	900
TM14-06	97	14444	251	902
TM14-07	97	16241	283	1016
TM14-11	97	14373	286	908
TM14-12	97	15499	268	968
TM14-13	97	22717	472	1453
TM14-15	97	15213	238	932
TM14-16	97	13951	270	869
TM14-17	97	15039	263	929
TM14-18	97	15147	249	931
C2-Boulder1	98	15102	205	929
C2-Boulder2	98	15309	363	988
UpLy-12-10	98	14525	227	900
LoLy-11-08	98	14518	358	941
TM14-01	98	15819	265	974
TM14-02	98	14457	243	890
TM14-03	98	14782	301	926
TM14-04	98	14331	215	875
TM14-05	98	14122	335	901
TM14-06	98	14460	252	903
TM14-07	98	16255	283	1017
TM14-11	98	14395	286	909
TM14-12	98	15507	268	968
TM14-13	98	22752	473	1455
TM14-15	98	15219	238	932
TM14-16	98	13955	270	869
TM14-17	98	15070	263	931
TM14-18	98	15141	249	931
C2-Boulder1	99	15117	206	930
C2-Boulder2	99	15325	363	989
UpLy-12-10	99	14528	227	900
LoLy-11-08	99	14523	358	942
TM14-01	99	15844	265	975
TM14-02	99	14469	244	891
TM14-03	99	14786	301	926
TM14-04	99	14331	215	875
TM14-05	99	14127	336	901
TM14-06	99	14470	252	904
TM14-07	99	16260	283	1017
TM14-11	99	14405	287	910
TM14-12	99	15527	268	970
TM14-13	99	22744	473	1454
TM14-15	99	15232	239	933
TM14-16	99	13990	271	871
TM14-17	99	15090	264	932
TM14-18	99	15164	249	932
C2-Boulder1	100	15136	206	931
C2-Boulder2	100	15351	364	991
UpLy-12-10	100	14570	228	903
LoLy-11-08	100	14525	358	942
TM14-01	100	15868	266	977
TM14-02	100	14491	244	892
TM14-03	100	14784	301	926
TM14-04	100	14354	215	877
TM14-05	100	14148	336	903
TM14-06	100	14494	252	905
TM14-07	100	16278	284	1018
TM14-11	100	14425	287	911
TM14-12	100	15548	269	971
TM14-13	100	22799	474	1458
TM14-15	100	15245	239	934
TM14-16	100	14004	271	872
TM14-17	100	15102	264	933
TM14-18	100	15174	249	933
C2-Boulder1	101	15139	206	932
C2-Boulder2	101	15375	365	992
UpLy-12-10	101	14580	228	904
LoLy-11-08	101	14528	358	942
TM14-01	101	15889	266	978
TM14-02	101	14499	244	893
TM14-03	101	14786	301	926
TM14-04	101	14364	215	877
TM14-05	101	14171	337	904
TM14-06	101	14505	252	906
TM14-07	101	16289	284	1019
TM14-11	101	14433	287	911
TM14-12	101	15557	269	971
TM14-13	101	22832	474	1460
TM14-15	101	15289	239	937
TM14-16	101	14010	271	873
TM14-17	101	15123	264	934
TM14-18	101	15176	249	933
C2-Boulder1	103	15161	206	933
C2-Boulder2	103	15408	365	994
UpLy-12-10	103	14626	229	907
LoLy-11-08	103	14535	358	942
TM14-01	103	15938	267	981
TM14-02	103	14538	245	895
TM14-03	103	14790	301	926
TM14-04	103	14408	216	880
TM14-05	103	14202	337	906
TM14-06	103	14509	253	906
TM14-07	103	16328	285	1021
TM14-11	103	14471	288	914
TM14-12	103	15586	269	973
TM14-13	103	22908	476	1465
TM14-15	103	15319	240	938
TM14-16	103	14059	272	876
TM14-17	103	15154	265	936
TM14-18	103	15210	250	935
C2-Boulder1	105	15185	206	934
C2-Boulder2	105	15448	366	997
UpLy-12-10	105	14684	230	910
LoLy-11-08	105	14537	358	942
TM14-01	105	16005	268	985
TM14-02	105	14572	245	897
TM14-03	105	14795	301	926
TM14-04	105	14418	216	881
TM14-05	105	14229	338	908
TM14-06	105	14543	253	908
TM14-07	105	16362	285	1023
TM14-11	105	14520	289	917
TM14-12	105	15591	270	974
TM14-13	105	22910	476	1465
TM14-15	105	15337	240	940
TM14-16	105	14069	272	876
TM14-17	105	15181	265	937
TM14-18	105	15237	250	937
C2-Boulder1	107	15234	207	937
C2-Boulder2	107	15503	368	1001
UpLy-12-10	107	14725	231	913
LoLy-11-08	107	14539	358	943
TM14-01	107	16045	269	988
TM14-02	107	14598	246	899
TM14-03	107	14797	301	927
TM14-04	107	14466	217	884
TM14-05	107	14272	339	910
TM14-06	107	14578	254	910
TM14-07	107	16382	286	1025
TM14-11	107	14547	289	919
TM14-12	107	15619	270	975
TM14-13	107	23017	478	1472
TM14-15	107	15372	241	942
TM14-16	107	14110	273	879
TM14-17	107	15218	266	940
TM14-18	107	15268	251	938
C2-Boulder1	108	15243	207	938
C2-Boulder2	108	15538	368	1003
UpLy-12-10	108	14742	231	914
LoLy-11-08	108	14541	358	943
TM14-01	108	16080	269	990
TM14-02	108	14613	246	900
TM14-03	108	14798	301	927
TM14-04	108	14490	217	885
TM14-05	108	14276	339	911
TM14-06	108	14581	254	911
TM14-07	108	16409	286	1026
TM14-11	108	14560	290	920
TM14-12	108	15656	271	978
TM14-13	108	23053	479	1475
TM14-15	108	15385	241	943
TM14-16	108	14120	273	879
TM14-17	108	15234	266	941
TM14-18	108	15269	251	938
C2-Boulder1	110	15257	207	939
C2-Boulder2	110	15557	369	1004
UpLy-12-10	110	14768	231	916
LoLy-11-08	110	14544	358	943
TM14-01	110	16141	270	994
TM14-02	110	14655	247	902
TM14-03	110	14803	301	927
TM14-04	110	14520	218	887
TM14-05	110	14328	340	914
TM14-06	110	14616	254	913
TM14-07	110	16427	286	1027
TM14-11	110	14614	291	923
TM14-12	110	15681	271	979
TM14-13	110	23100	480	1478
TM14-15	110	15413	241	944
TM14-16	110	14172	274	883
TM14-17	110	15263	267	942
TM14-18	110	15304	252	941
C2-Boulder1	111	15274	208	940
C2-Boulder2	111	15581	369	1006
UpLy-12-10	111	14799	232	918
LoLy-11-08	111	14551	358	943
TM14-01	111	16177	271	996
TM14-02	111	14655	247	902
TM14-03	111	14805	301	927
TM14-04	111	14536	218	888
TM14-05	111	14322	340	914
TM14-06	111	14621	255	913
TM14-07	111	16447	287	1029
TM14-11	111	14627	291	924
TM14-12	111	15682	271	979
TM14-13	111	23150	481	1481
TM14-15	111	15445	242	946
TM14-16	111	14173	274	883
TM14-17	111	15286	267	944
TM14-18	111	15308	252	941
C2-Boulder1	112	15299	208	942
C2-Boulder2	112	15617	370	1008
UpLy-12-10	112	14822	232	919
LoLy-11-08	112	14554	358	944
TM14-01	112	16178	271	996
TM14-02	112	14660	247	902
TM14-03	112	14805	301	927
TM14-04	112	14548	218	889
TM14-05	112	14361	341	916
TM14-06	112	14645	255	915
TM14-07	112	16453	287	1029
TM14-11	112	14643	291	925
TM14-12	112	15703	272	981
TM14-13	112	23143	481	1481
TM14-15	112	15453	242	947
TM14-16	112	14195	275	884
TM14-17	112	15312	268	946
TM14-18	112	15338	252	943
C2-Boulder1	113	15307	208	942
C2-Boulder2	113	15638	371	1010
UpLy-12-10	113	14843	232	920
LoLy-11-08	113	14560	359	944
TM14-01	113	16197	271	997
TM14-02	113	14679	247	904
TM14-03	113	14811	301	927
TM14-04	113	14574	218	890
TM14-05	113	14362	341	916
TM14-06	113	14661	255	916
TM14-07	113	16477	287	1031
TM14-11	113	14657	292	926
TM14-12	113	15704	272	981
TM14-13	113	23202	482	1484
TM14-15	113	15470	242	948
TM14-16	113	14201	275	885
TM14-17	113	15314	268	946
TM14-18	113	15337	252	943
C2-Boulder1	114	15307	208	942
C2-Boulder2	114	15642	371	1010
UpLy-12-10	114	14841	232	920
LoLy-11-08	114	14563	359	944
TM14-01	114	16221	272	999
TM14-02	114	14704	248	905
TM14-03	114	14814	301	928
TM14-04	114	14591	219	891
TM14-05	114	14391	342	918
TM14-06	114	14676	256	917
TM14-07	114	16486	287	1031
TM14-11	114	14697	293	928
TM14-12	114	15721	272	982
TM14-13	114	23200	482	1484
TM14-15	114	15484	243	949
TM14-16	114	14222	275	886
TM14-17	114	15346	268	948
TM14-18	114	15364	253	944
C2-Boulder1	115	15337	209	944
C2-Boulder2	115	15674	372	1012
UpLy-12-10	115	14874	233	922
LoLy-11-08	115	14564	359	944
TM14-01	115	16248	272	1000
TM14-02	115	14711	248	906
TM14-03	115	14818	301	928
TM14-04	115	14613	219	893
TM14-05	115	14401	342	919
TM14-06	115	14692	256	918
TM14-07	115	16518	288	1033
TM14-11	115	14695	292	928
TM14-12	115	15755	272	984
TM14-13	115	23245	483	1487
TM14-15	115	15502	243	950
TM14-16	115	14267	276	889
TM14-17	115	15356	268	948
TM14-18	115	15366	253	944
C2-Boulder1	116	15346	209	945
C2-Boulder2	116	15681	372	1012
UpLy-12-10	116	14876	233	922
LoLy-11-08	116	14567	359	944
TM14-01	116	16276	273	1002
TM14-02	116	14734	248	907
TM14-03	116	14820	301	928
TM14-04	116	14620	219	893
TM14-05	116	14411	342	919
TM14-06	116	14699	256	918
TM14-07	116	16532	288	1034
TM14-11	116	14697	293	928
TM14-12	116	15751	272	984
TM14-13	116	23314	485	1492
TM14-15	116	15525	243	951
TM14-16	116	14276	276	889
TM14-17	116	15376	269	950
TM14-18	116	15385	253	946
C2-Boulder1	120	15418	210	949
C2-Boulder2	120	15792	375	1020
UpLy-12-10	120	14958	234	927
LoLy-11-08	120	14580	359	945
TM14-01	120	16355	274	1007
TM14-02	120	14768	249	909
TM14-03	120	14831	302	929
TM14-04	120	14683	220	897
TM14-05	120	14480	344	924
TM14-06	120	14750	257	921
TM14-07	120	16585	289	1038
TM14-11	120	14782	294	934
TM14-12	120	15794	273	987
TM14-13	120	23416	487	1498
TM14-15	120	15584	244	955
TM14-16	120	14332	277	893
TM14-17	120	15446	270	954
TM14-18	120	15436	254	949
C2-Boulder1	125	15468	210	952
C2-Boulder2	125	15901	377	1027
UpLy-12-10	125	15056	236	934
LoLy-11-08	125	14602	360	947
TM14-01	125	16449	276	1013
TM14-02	125	14854	250	914
TM14-03	125	14844	302	929
TM14-04	125	14778	222	903
TM14-05	125	14551	346	928
TM14-06	125	14824	258	926
TM14-07	125	16676	291	1043
TM14-11	125	14864	296	939
TM14-12	125	15860	274	991
TM14-13	125	23554	490	1508
TM14-15	125	15669	245	960
TM14-16	125	14406	279	897
TM14-17	125	15532	271	959
TM14-18	125	15504	255	953
C2-Boulder1	130	15555	212	958
C2-Boulder2	130	16018	380	1035
UpLy-12-10	130	15126	237	938
LoLy-11-08	130	14627	360	948
TM14-01	130	16571	278	1020
TM14-02	130	14911	251	918
TM14-03	130	14862	302	931
TM14-04	130	14844	223	907
TM14-05	130	14651	348	935
TM14-06	130	14887	259	930
TM14-07	130	16784	293	1050
TM14-11	130	14951	298	945
TM14-12	130	15967	276	998
TM14-13	130	23678	492	1516
TM14-15	130	15754	247	965
TM14-16	130	14514	281	904
TM14-17	130	15614	273	964
TM14-18	130	15575	256	957
C2-Boulder1	135	15642	213	963
C2-Boulder2	135	16146	383	1043
UpLy-12-10	135	15235	239	945
LoLy-11-08	135	14653	361	950
TM14-01	135	16688	280	1027
TM14-02	135	14994	252	923
TM14-03	135	14881	303	932
TM14-04	135	14928	224	912
TM14-05	135	14732	350	940
TM14-06	135	14940	260	933
TM14-07	135	16876	294	1056
TM14-11	135	15031	299	950
TM14-12	135	16025	277	1001
TM14-13	135	23829	496	1526
TM14-15	135	15859	248	972
TM14-16	135	14576	282	908
TM14-17	135	15711	275	970
TM14-18	135	15665	258	963
C2-Boulder1	140	15753	214	970
C2-Boulder2	140	16258	386	1050
UpLy-12-10	140	15353	241	952
LoLy-11-08	140	14689	362	952
TM14-01	140	16831	282	1036
TM14-02	140	15039	253	926
TM14-03	140	14908	303	933
TM14-04	140	15000	225	916
TM14-05	140	14806	352	945
TM14-06	140	14987	261	936
TM14-07	140	16946	296	1061
TM14-11	140	15095	301	954
TM14-12	140	16108	279	1006
TM14-13	140	23992	499	1536
TM14-15	140	15949	250	977
TM14-16	140	14658	284	913
TM14-17	140	15799	276	976
TM14-18	140	15712	258	966
C2-Boulder1	141	15730	214	969
C2-Boulder2	141	16268	386	1051
UpLy-12-10	141	15336	240	951
LoLy-11-08	141	14691	362	953
TM14-01	141	16826	282	1036
TM14-02	141	15035	253	926
TM14-03	141	14918	303	934
TM14-04	141	15000	225	916
TM14-05	141	14813	352	945
TM14-06	141	15013	261	938
TM14-07	141	16982	296	1063
TM14-11	141	15109	301	955
TM14-12	141	16138	279	1008
TM14-13	141	23992	499	1536
TM14-15	141	15973	250	979
TM14-16	141	14710	285	916
TM14-17	141	15821	277	977
TM14-18	141	15734	259	967
C2-Boulder1	142	15749	214	970
C2-Boulder2	142	16279	386	1052
UpLy-12-10	142	15419	242	957
LoLy-11-08	142	14691	362	953
TM14-01	142	16838	282	1037
TM14-02	142	15082	254	929
TM14-03	142	14914	303	934
TM14-04	142	15030	225	918
TM14-05	142	14841	353	947
TM14-06	142	15022	262	939
TM14-07	142	16988	296	1063
TM14-11	142	15107	301	955
TM14-12	142	16150	279	1009
TM14-13	142	24062	501	1541
TM14-15	142	15973	250	979
TM14-16	142	14720	285	917
TM14-17	142	15831	277	978
TM14-18	142	15768	259	969
C2-Boulder1	143	15774	215	971
C2-Boulder2	143	16316	387	1054
UpLy-12-10	143	15412	241	956
LoLy-11-08	143	14700	362	953
TM14-01	143	16866	283	1038
TM14-02	143	15078	254	928
TM14-03	143	14923	304	934
TM14-04	143	15028	225	918
TM14-05	143	14854	353	948
TM14-06	143	15041	262	940
TM14-07	143	17027	297	1066
TM14-11	143	15143	302	957
TM14-12	143	16171	280	1010
TM14-13	143	24068	501	1541
TM14-15	143	16007	251	981
TM14-16	143	14745	285	919
TM14-17	143	15864	277	980
TM14-18	143	15756	259	969
C2-Boulder1	144	15781	215	972
C2-Boulder2	144	16332	388	1055
UpLy-12-10	144	15420	242	957
LoLy-11-08	144	14706	362	954
TM14-01	144	16909	283	1041
TM14-02	144	15103	254	930
TM14-03	144	14922	304	934
TM14-04	144	15051	226	919
TM14-05	144	14856	353	948
TM14-06	144	15051	262	940
TM14-07	144	17011	297	1065
TM14-11	144	15138	301	957
TM14-12	144	16204	280	1013
TM14-13	144	24051	500	1540
TM14-15	144	16008	251	981
TM14-16	144	14748	285	919
TM14-17	144	15874	277	980
TM14-18	144	15808	260	972
C2-Boulder1	145	15825	215	974
C2-Boulder2	145	16352	388	1057
UpLy-12-10	145	15441	242	958
LoLy-11-08	145	14713	362	954
TM14-01	145	16930	284	1042
TM14-02	145	15088	254	929
TM14-03	145	14928	304	935
TM14-04	145	15083	226	921
TM14-05	145	14900	354	951
TM14-06	145	15055	262	941
TM14-07	145	17038	297	1066
TM14-11	145	15195	303	960
TM14-12	145	16199	280	1012
TM14-13	145	24153	503	1547
TM14-15	145	16031	251	982
TM14-16	145	14762	286	920
TM14-17	145	15920	278	983
TM14-18	145	15808	260	972
C2-Boulder1	160	16075	219	990
C2-Boulder2	160	16641	395	1076
UpLy-12-10	160	15758	247	978
LoLy-11-08	160	14803	365	960
TM14-01	160	17258	289	1063
TM14-02	160	15338	258	944
TM14-03	160	15009	305	940
TM14-04	160	15301	229	935
TM14-05	160	15102	359	964
TM14-06	160	15282	266	955
TM14-07	160	17279	301	1082
TM14-11	160	15441	308	976
TM14-12	160	16425	284	1027
TM14-13	160	24557	511	1573
TM14-15	160	16295	255	999
TM14-16	160	14980	290	933
TM14-17	160	16210	283	1001
TM14-18	160	16083	264	989
C2-Boulder1	180	16440	224	1013
C2-Boulder2	180	17091	406	1105
UpLy-12-10	180	16186	254	1005
LoLy-11-08	180	14952	368	970
TM14-01	180	17726	297	1092
TM14-02	180	15618	263	962
TM14-03	180	15145	308	948
TM14-04	180	15625	234	955
TM14-05	180	15397	366	983
TM14-06	180	15535	271	971
TM14-07	180	17649	308	1105
TM14-11	180	15800	315	999
TM14-12	180	16720	289	1045
TM14-13	180	25092	523	1609
TM14-15	180	16640	261	1020
TM14-16	180	15283	296	952
TM14-17	180	16509	289	1020
TM14-18	180	16373	269	1007
C2-Boulder1	200	16811	229	1036
C2-Boulder2	200	17494	416	1132
UpLy-12-10	200	16553	260	1028
LoLy-11-08	200	15103	372	980
TM14-01	200	18139	304	1117
TM14-02	200	15913	268	980
TM14-03	200	15309	311	959
TM14-04	200	15970	239	976
TM14-05	200	15720	374	1003
TM14-06	200	15866	277	992
TM14-07	200	17987	314	1127
TM14-11	200	16152	322	1022
TM14-12	200	17041	295	1066
TM14-13	200	25610	534	1643
TM14-15	200	16968	266	1040
TM14-16	200	15646	303	975
TM14-17	200	16886	295	1043
TM14-18	200	16732	275	1029
C2-Boulder1	220	17174	234	1059
C2-Boulder2	220	17870	425	1157
UpLy-12-10	220	17039	267	1059
LoLy-11-08	220	15274	376	991
TM14-01	220	18553	311	1143
TM14-02	220	16243	274	1000
TM14-03	220	15473	315	969
TM14-04	220	16318	245	997
TM14-05	220	16080	382	1026
TM14-06	220	16162	282	1011
TM14-07	220	18305	320	1147
TM14-11	220	16484	329	1043
TM14-12	220	17312	300	1083
TM14-13	220	26242	547	1685
TM14-15	220	17330	272	1062
TM14-16	220	15963	309	995
TM14-17	220	17218	301	1064
TM14-18	220	17029	280	1047
C2-Boulder1	240	17533	239	1082
C2-Boulder2	240	18312	436	1186
UpLy-12-10	240	17404	273	1082
LoLy-11-08	240	15474	382	1004
TM14-01	240	18997	318	1170
TM14-02	240	16526	278	1018
TM14-03	240	15678	319	982
TM14-04	240	16599	249	1014
TM14-05	240	16378	389	1045
TM14-06	240	16460	287	1030
TM14-07	240	18631	326	1168
TM14-11	240	16831	336	1066
TM14-12	240	17640	306	1104
TM14-13	240	26760	558	1719
TM14-15	240	17634	276	1081
TM14-16	240	16314	316	1017
TM14-17	240	17553	307	1085
TM14-18	240	17342	285	1066
C2-Boulder1	250	17726	242	1094
C2-Boulder2	250	18519	441	1199
UpLy-12-10	250	17587	276	1094
LoLy-11-08	250	15585	384	1012
TM14-01	250	19179	321	1182
TM14-02	250	16704	281	1029
TM14-03	250	15791	321	989
TM14-04	250	16793	252	1026
TM14-05	250	16523	393	1055
TM14-06	250	16590	289	1038
TM14-07	250	18812	329	1180
TM14-11	250	17004	339	1077
TM14-12	250	17801	308	1114
TM14-13	250	27003	564	1735
TM14-15	250	17757	278	1088
TM14-16	250	16456	318	1026
TM14-17	250	17720	310	1095
TM14-18	250	17491	288	1076
