CoreDepth_cm	Years_B1950	TOC_wtPercent
2.0	-52	26.66
6.5	-30.1	22.21
7.5	-19.5	23.50
8.5	-8.5	17.13
9.5	2.5	14.29
10.5	13.4	17.81
11.5	24.4	17.29
12.5	35.4	20.00
13.5	46.4	18.77
14.5	57.3	19.44
15.5	68.3	17.69
16.5	79.3	19.68
17.5	90.2	15.10
18.5	101.2	16.70
20.0	117.7	15.66
22.0	139.6	9.89
27.0	194.5	16.51
30.0	227.4	14.89
32.0	249.4	14.86
33.0	260.3	13.52
35.0	282.3	13.92
37.0	304.2	12.45
39.0	326.2	13.57
42.0	359.1	14.06
44.0	381.0	14.21
47.0	413.9	16.75
49.0	435.9	17.34
52.0	468.8	15.22
55.0	501.7	18.83
57.0	523.7	17.12
60.0	556.6	21.55
62.0	578.5	19.98
64.7	617.4	17.69
66.0	636.5	21.08
67.0	653.0	18.78
69.0	686.2	19.00
70.0	702.8	19.39
72.0	736.0	19.50
73.0	752.5	17.77
75.0	785.7	15.86
77.0	818.9	19.35
79.0	852.0	18.85
81.0	893.8	18.44
84.0	961.9	16.85
86.0	1007.3	18.78
87.0	1030.1	17.13
89.0	1075.5	14.60
92.0	1143.6	17.29
95.0	1211.7	15.29
96.0	1234.5	12.46
98.0	1279.9	15.35
100.0	1325.3	18.05
102.0	1370.7	19.19
105.0	1438.9	17.39
107.0	1484.3	16.78
108.0	1507.0	5.52
111.0	1575.1	5.43
113.0	1620.5	14.88
114.0	1643.2	18.70
116.0	1688.7	18.21
118.0	1734.1	18.46
121.0	1802.2	19.74
123.0	1847.6	21.39
124.0	1869.1	22.42
126.0	1909.7	21.28
129.0	1970.4	20.07
132.0	2031.2	20.22
133.0	2051.5	17.34
138.0	2152.8	22.14
143.0	2254.1	22.71
162.4	2641.2	18.93
168.1	2757.3	22.25
172.8	2826.7	15.45
179.0	2902.1	13.86
183.2	2952.4	12.58
189.5	3027.9	11.23
193.6	3078.2	16.18
199.9	3153.7	14.79
204.0	3204.0	18.16
209.3	3266.8	15.88
214.5	3329.7	14.49
220.7	3405.2	17.15
224.9	3512.4	16.95
230.1	3670.8	11.35
235.3	3829.2	12.39
241.5	4019.3	18.20
245.7	4146.0	14.92
252.0	4326.9	14.38
256.2	4418.5	11.56
262.7	4557.6	16.26
267.0	4652.2	17.71
274.5	4817.6	16.76
279.9	4935.7	15.50
286.3	5077.5	16.64
294.9	5266.5	18.84
301.4	5408.3	15.96
305.7	5502.8	14.61
312.1	5644.6	13.78
316.4	5739.1	16.17
322.9	5880.9	19.73
326.1	5951.7	17.53
329.3	6022.6	14.43
333.6	6117.1	15.91
336.9	6188.0	15.23
344.4	6353.4	12.43
347.6	6424.3	15.80
350.8	6495.2	13.73
355.0	6589.7	11.94
358.0	6660.6	15.09
361.0	6729.0	14.89
367.0	6860.8	17.82
372.0	6970.7	16.68
377.0	7080.6	16.21
382.0	7190.5	15.68
387.0	7300.3	17.51
392.0	7410.2	15.36
397.0	7520.1	9.70
402.0	7625.7	23.10
407.0	7721.4	20.52
412.0	7817.0	20.41
415.0	7874.4	6.66
424.0	8046.6	8.69
428.0	8123.2	17.23
432.0	8199.7	10.36
438.0	8314.5	14.72
442.0	8391.0	10.18
447.0	8486.7	14.29
451.0	8563.2	14.62
457.6	8678.0	10.92
462.2	8758.8	10.44
467.9	8868.8	7.31
474.8	9000.7	15.26
480.6	9110.7	11.99
486.3	9220.7	14.93
492.1	9330.6	12.68
497.8	9440.6	10.43
505.9	9594.5	12.07
510.5	9682.5	12.55
515.1	9770.5	11.98
520.8	9880.4	12.16
526.6	9990.4	4.91
533.5	10122.3	13.74
538.1	10210.3	16.43
542.7	10298.3	13.98
547.3	10386.2	13.03
553.0	10496.2	13.80
559.1	10628.2	9.23
566.1	10764.9	8.76
570.2	10823.8	3.25
582.3	10992.2	5.11
587.4	11062.4	16.75
592.4	11132.6	8.20
596.0	11181.7	9.35
601.5	11258.9	3.90
607.6	11344.0	15.55
612.6	11817.6	3.59
618.7	12386.0	10.12
622.7	12531.1	7.91
625.8	12584.5	2.15
628.8	12637.9	5.88
633.9	12726.8	2.48
637.9	12798.0	3.19
641.4	12860.3	2.18
662.0	13223.5	15.34
667.0	13311.5	9.64
671.5	13390.8	9.84
677.0	13487.6	8.86
681.0	13558.0	10.79
692.0	13751.7	8.86
696.0	13822.1	10.83
702.0	13927.8	4.94
707.0	14050.3	5.57
712.0	14483.7	2.41
716.0	14830.3	4.86
722.0	15021.0	8.27
727.0	15125.0	7.41
732.0	15229.0	8.16
737.0	15333.0	7.14
742.0	15437.0	7.88
747.0	15541.0	6.24
751.1	15624.2	6.89
758.3	15772.8	6.44
762.5	15858.5	4.63
768.6	15987.2	2.90
772.8	16073.0	3.02
779.0	16201.6	3.60
783.1	16287.4	1.90
789.3	16416.1	0.36
797.5	16587.7	6.15
802.7	16694.9	7.96
808.9	16823.5	9.08
814.0	16930.8	12.56
818.1	17016.5	7.13
823.3	17123.8	9.23
828.4	17231.0	6.79
833.6	17338.2	1.10
838.8	17445.4	6.44
843.9	17552.7	2.61
849.0	17659.9	3.81
858.0	17850.0	3.91
862.0	17933.2	3.60
867.0	18037.2	3.28
872.0	18141.2	4.44
878.0	18266.0	0.62
883.0	18370.0	0.11
888.0	18474.0	0.12
894.0	18598.8	0.31
900.0	18723.6	1.11
904.0	18806.9	0.96
909.0	18910.9	0.38
914.0	19014.9	0.98
920.0	19139.7	0.87
925.0	19243.7	0.28
930.0	19347.7	0.61
935.0	19451.7	0.60
942.0	19597.3	0.46
947.0	19701.3	0.27
