Depth_mm	d18O	Years_B1950
1.3	-7.51	10651
1.5	-8.11	10666
1.8	-8.53	10681
2.0	-8.24	10696
2.3	-7.89	10710
2.5	-8.54	10725
2.8	-8.61	10740
3.0	-8.57	10755
3.3	-8.50	10770
3.5	-8.44	10785
3.8	-8.25	10799
4.0	-7.75	10814
4.3	-7.75	10829
4.5	-7.59	10844
4.8	-7.75	10859
5.0	-7.80	10873
5.3	-7.77	10888
5.5	-7.74	10903
5.8	-7.76	10918
6.0	-7.69	10933
6.3	-7.80	10948
6.5	-7.67	10962
6.8	-7.53	10977
7.0	-7.44	10992
7.3	-7.16	11007
7.5	-7.72	11022
7.8	-7.68	11036
8.0	-8.27	11051
8.3	-8.07	11066
8.5	-8.01	11081
8.8	-7.96	11096
9.0	-7.83	11111
9.3	-7.77	11125
9.5	-7.85	11140
9.8	-7.49	11155
10.0	-7.62	11170
10.3	-8.05	11185
10.5	-7.91	11199
10.8	-7.66	11214
11.0	-7.68	11229
11.3	-7.63	11244
11.5	-7.83	11259
11.8	-7.96	11274
12.0	-7.86	11288
12.2	-7.89	11298
12.3	-7.82	11308
12.5	-7.93	11318
12.7	-7.72	11328
12.8	-7.73	11338
13.0	-7.62	11348
13.2	-7.79	11358
13.3	-7.56	11367
13.5	-7.53	11377
13.7	-7.57	11387
13.8	-7.82	11397
14.0	-7.84	11407
14.2	-7.95	11417
14.3	-7.98	11422
14.5	-8.42	11429
14.7	-8.28	11435
14.8	-8.15	11442
15.0	-7.79	11449
15.2	-7.94	11456
15.3	-7.63	11462
15.5	-7.95	11469
15.7	-8.04	11476
15.8	-7.69	11483
16.0	-7.07	11489
16.2	-7.19	11496
16.3	-6.99	11503
16.5	-7.04	11510
16.7	-7.34	11516
16.8	-7.31	11523
17.0	-7.42	11530
17.2	-7.12	11537
17.3	-6.88	11543
17.5	-6.38	11550
17.7	-7.50	11557
17.8	-7.14	11564
18.0	-7.06	11570
18.2	-7.21	11577
18.3	-7.22	11584
18.5	-6.88	11591
18.7	-6.84	11597
18.8	-6.67	11604
19.0	-6.70	11611
19.2	-6.51	11618
19.3	-6.98	11624
19.5	-6.95	11631
19.7	-6.89	11638
19.8	-7.09	11645
20.0	-7.22	11651
20.2	-7.33	11658
20.3	-6.90	11665
20.5	-6.93	11672
20.7	-6.82	11678
20.8	-6.88	11685
21.0	-6.98	11692
21.2	-7.03	11699
21.3	-6.77	11705
21.5	-6.73	11712
21.7	-6.76	11719
21.8	-6.73	11726
22.0	-6.67	11732
22.2	-6.65	11739
22.3	-6.64	11746
22.5	-6.57	11753
22.7	-6.78	11759
22.8	-6.87	11766
23.0	-6.97	11773
23.2	-6.91	11780
23.3	-7.23	11786
23.5	-7.29	11793
23.7	-6.98	11800
23.8	-6.70	11807
24.0	-6.71	11813
24.2	-6.56	11820
24.3	-6.55	11827
24.5	-6.64	11833
24.7	-6.60	11840
24.8	-6.43	11847
25.0	-6.30	11854
25.2	-6.29	11860
25.3	-6.43	11867
25.5	-6.58	11874
25.7	-7.06	11881
25.8	-6.80	11887
26.0	-6.77	11894
26.2	-6.81	11901
26.3	-6.80	11908
26.5	-6.79	11914
26.7	-6.90	11921
26.8	-7.02	11928
27.0	-7.10	11935
27.2	-7.08	11941
27.3	-7.71	11948
27.5	-7.57	11955
27.7	-7.64	11962
27.8	-7.77	11968
28.0	-7.15	11975
28.2	-7.28	11982
28.3	-7.30	11989
28.5	-7.05	11995
28.7	-6.89	12002
28.8	-6.76	12009
29.0	-6.87	12016
29.2	-6.86	12022
29.3	-6.97	12029
29.5	-6.57	12036
29.7	-6.88	12043
29.8	-7.54	12049
30.0	-6.82	12056
30.2	-7.07	12063
30.3	-6.84	12070
30.5	-6.98	12076
30.7	-6.89	12083
30.8	-6.73	12090
31.0	-6.52	12097
31.2	-6.29	12103
31.3	-6.55	12110
31.5	-7.11	12117
31.7	-7.33	12124
31.8	-7.17	12130
32.0	-6.74	12137
32.2	-6.87	12144
32.3	-6.21	12151
32.5	-6.78	12157
32.7	-7.34	12164
32.8	-7.27	12171
33.0	-7.01	12178
33.2	-7.13	12184
33.3	-6.84	12191
33.5	-6.50	12198
33.7	-6.24	12205
33.8	-6.44	12211
34.0	-6.39	12218
34.2	-6.51	12225
34.3	-6.36	12232
34.5	-6.38	12238
34.7	-6.48	12245
34.8	-5.95	12252
35.0	-6.25	12259
35.2	-6.67	12265
35.3	-6.21	12272
35.5	-6.51	12279
35.7	-6.82	12286
35.8	-6.75	12292
36.0	-6.80	12299
36.2	-6.88	12306
36.3	-6.74	12313
36.5	-6.75	12319
36.7	-6.63	12326
36.8	-6.70	12333
37.0	-7.25	12340
37.2	-6.71	12346
37.3	-6.32	12353
37.5	-6.55	12360
37.7	-6.31	12367
37.8	-6.40	12373
38.0	-6.49	12380
38.2	-6.24	12387
38.3	-6.43	12394
38.5	-6.37	12400
38.7	-6.42	12407
38.8	-6.15	12414
39.0	-5.88	12421
39.2	-6.25	12427
39.3	-6.39	12434
39.5	-6.48	12441
39.7	-6.53	12448
39.8	-6.80	12454
40.0	-6.76	12461
40.2	-6.83	12468
40.3	-6.92	12475
40.5	-6.85	12481
40.7	-6.92	12488
40.8	-6.89	12495
41.0	-6.77	12502
41.2	-6.87	12508
41.3	-6.95	12515
41.5	-6.91	12522
41.7	-6.71	12529
41.8	-6.96	12535
42.0	-6.98	12542
42.2	-7.03	12549
42.3	-6.94	12556
42.5	-6.78	12562
42.7	-6.92	12569
42.8	-6.94	12576
43.0	-6.88	12583
43.2	-6.91	12589
43.3	-7.02	12596
43.5	-7.14	12603
43.7	-7.19	12610
43.8	-7.23	12616
44.0	-7.16	12623
44.2	-7.22	12630
44.3	-7.25	12637
44.5	-7.12	12643
44.7	-7.41	12650
44.8	-7.47	12657
45.0	-7.31	12664
45.2	-7.25	12670
45.3	-7.37	12677
45.5	-7.46	12684
45.7	-7.46	12691
45.8	-7.49	12697
46.0	-7.75	12704
46.2	-7.53	12711
46.3	-7.53	12716
46.5	-7.60	12720
46.7	-7.50	12724
46.8	-7.48	12729
47.0	-7.37	12733
47.2	-7.35	12737
47.3	-7.46	12742
47.5	-7.36	12746
47.7	-7.50	12750
47.8	-7.43	12755
48.0	-7.46	12759
48.2	-7.39	12763
48.3	-7.50	12768
48.5	-7.56	12772
48.7	-7.61	12777
48.8	-7.68	12781
49.0	-7.54	12785
49.2	-7.58	12790
49.3	-7.44	12794
49.5	-7.84	12798
49.7	-7.78	12803
49.8	-7.95	12807
50.0	-7.72	12811
50.2	-7.77	12816
50.3	-7.87	12820
50.5	-8.03	12825
50.7	-7.87	12829
50.8	-7.78	12833
51.0	-8.02	12838
51.2	-8.03	12842
51.3	-7.86	12846
51.5	-8.06	12851
51.7	-8.06	12855
51.8	-8.00	12859
52.0	-8.10	12864
52.2	-8.25	12868
52.3	-8.16	12873
52.5	-8.33	12877
52.7	-8.15	12881
52.8	-8.45	12886
53.0	-8.36	12890
53.2	-8.33	12894
53.3	-8.59	12899
53.5	-8.62	12903
53.7	-8.56	12907
53.8	-8.62	12912
54.0	-8.67	12916
54.2	-8.56	12921
54.3	-8.29	12925
54.5	-8.56	12929
54.7	-8.41	12934
54.8	-8.30	12938
55.0	-8.27	12942
55.2	-8.15	12947
55.3	-8.30	12951
55.5	-8.38	12955
55.7	-8.38	12960
55.8	-8.43	12964
56.0	-8.40	12969
56.2	-8.38	12974
56.4	-8.41	12979
56.6	-8.48	12984
56.8	-8.37	12989
57.0	-8.38	12995
57.2	-8.45	13000
57.4	-8.30	13005
57.6	-8.30	13010
57.8	-8.28	13016
58.0	-8.29	13021
58.2	-8.02	13026
58.4	-8.16	13031
58.6	-8.14	13037
58.8	-8.13	13042
59.0	-8.10	13047
59.2	-8.04	13051
59.4	-8.22	13056
59.6	-8.14	13061
59.8	-8.17	13067
60.0	-8.05	13072
60.2	-7.93	13077
60.4	-7.85	13082
60.6	-8.02	13088
60.8	-8.00	13093
61.0	-8.03	13098
61.2	-8.09	13103
61.4	-8.09	13109
61.6	-8.06	13114
61.8	-8.17	13119
62.0	-8.08	13124
62.2	-8.07	13130
62.4	-8.10	13135
62.6	-7.96	13140
62.8	-7.71	13145
63.0	-7.85	13150
63.2	-7.99	13156
63.4	-7.94	13161
63.6	-7.87	13166
63.8	-7.94	13171
64.0	-7.87	13177
64.2	-7.72	13182
64.4	-7.86	13187
64.6	-7.94	13192
64.8	-7.96	13198
65.0	-7.99	13203
65.2	-7.98	13208
65.4	-7.88	13214
65.6	-7.87	13219
65.8	-7.96	13225
66.0	-8.14	13230
66.2	-8.36	13236
66.4	-8.45	13241
66.6	-8.37	13246
66.8	-8.35	13251
67.0	-8.38	13256
67.2	-8.35	13262
67.4	-8.36	13267
67.6	-8.26	13272
67.8	-8.36	13277
68.0	-8.33	13283
68.2	-8.56	13288
68.4	-8.48	13293
68.6	-8.58	13298
68.8	-8.38	13304
69.0	-8.40	13309
69.2	-8.26	13314
69.4	-8.34	13319
69.6	-8.28	13325
69.8	-8.29	13330
70.0	-8.09	13335
70.2	-8.09	13340
70.4	-8.01	13345
70.6	-8.33	13351
70.8	-8.21	13356
71.0	-8.34	13361
71.2	-8.46	13366
71.4	-8.48	13372
71.6	-8.32	13377
71.8	-8.20	13382
72.0	-8.16	13387
72.2	-7.97	13393
72.4	-8.03	13398
72.6	-8.19	13403
72.8	-8.14	13408
73.0	-8.37	13414
73.2	-8.25	13419
73.4	-8.20	13424
73.6	-8.15	13429
73.8	-8.14	13434
74.0	-8.26	13440
74.2	-8.23	13445
74.4	-8.21	13450
74.6	-8.10	13455
74.8	-8.14	13461
75.0	-8.14	13466
75.2	-8.17	13471
75.4	-8.02	13476
75.6	-7.94	13482
75.8	-8.10	13487
76.0	-8.16	13492
76.2	-8.13	13497
76.4	-8.08	13503
76.6	-8.03	13508
76.8	-8.23	13513
77.0	-8.05	13518
77.2	-8.03	13523
77.4	-8.37	13529
77.6	-8.22	13534
77.8	-8.10	13539
78.0	-8.19	13544
78.2	-8.28	13550
78.4	-8.24	13555
78.6	-8.22	13560
78.8	-8.00	13565
79.0	-7.87	13571
79.2	-8.09	13576
79.4	-8.31	13581
79.6	-8.18	13586
79.8	-8.14	13591
80.0	-8.11	13597
80.2	-8.12	13602
80.4	-8.20	13607
80.6	-8.15	13612
80.8	-8.12	13618
81.0	-8.06	13623
81.2	-7.87	13628
81.4	-8.02	13633
81.6	-8.05	13639
81.8	-8.07	13644
82.0	-8.32	13649
82.2	-8.14	13654
82.4	-8.26	13660
82.6	-8.24	13665
82.8	-8.22	13670
83.0	-8.22	13675
83.2	-8.27	13680
83.4	-8.17	13686
83.6	-8.22	13691
83.8	-8.20	13696
84.0	-8.29	13701
84.2	-8.18	13707
84.4	-8.19	13712
84.6	-8.39	13717
84.8	-8.36	13722
85.0	-8.38	13728
85.2	-8.05	13733
85.4	-8.16	13738
85.6	-8.28	13743
85.8	-8.25	13749
86.0	-8.20	13754
86.2	-8.26	13759
86.4	-8.30	13764
86.6	-8.17	13769
86.8	-8.21	13775
87.0	-8.20	13780
87.2	-8.36	13784
87.4	-8.22	13785
87.6	-8.32	13787
87.8	-8.20	13788
88.0	-8.21	13789
88.2	-8.18	13791
88.4	-8.18	13792
88.6	-8.08	13793
88.8	-8.26	13795
89.0	-8.17	13796
89.2	-8.02	13798
89.5	-8.13	13799
89.7	-8.14	13800
89.9	-7.95	13802
90.1	-8.12	13803
90.3	-8.21	13804
90.5	-8.16	13806
90.7	-8.17	13807
90.9	-8.04	13809
91.1	-8.08	13810
91.3	-8.13	13811
91.5	-8.07	13813
91.7	-8.06	13815
92.0	-8.06	13821
92.2	-8.02	13827
92.4	-8.04	13834
92.6	-8.02	13840
92.8	-7.85	13846
93.0	-8.04	13852
93.2	-8.11	13858
93.4	-8.07	13865
93.6	-8.02	13871
93.8	-8.00	13877
94.0	-7.91	13883
94.2	-7.95	13889
94.4	-7.87	13896
94.7	-7.79	13902
94.9	-7.88	13908
95.1	-7.93	13914
95.3	-7.89	13920
95.5	-7.81	13927
95.7	-7.83	13933
95.9	-7.86	13939
96.1	-7.76	13945
96.3	-7.55	13951
96.5	-7.77	13958
96.7	-7.75	13964
96.9	-7.65	13970
97.2	-7.62	13976
97.4	-7.46	13982
97.6	-7.52	13989
97.8	-7.45	13995
98.0	-7.56	14001
98.2	-7.37	14007
98.4	-7.45	14013
98.6	-7.40	14020
98.8	-7.39	14026
99.0	-7.37	14032
99.2	-7.17	14038
99.4	-7.33	14044
99.6	-7.27	14051
99.9	-7.30	14057
100.1	-7.38	14063
100.3	-7.46	14069
100.5	-7.40	14075
100.7	-7.51	14082
100.9	-7.52	14088
101.1	-7.62	14094
101.3	-7.57	14100
101.5	-7.44	14106
101.7	-7.59	14113
101.9	-7.50	14119
102.1	-7.77	14125
102.4	-7.75	14131
102.6	-7.76	14137
102.8	-7.61	14144
103.0	-7.87	14150
103.2	-7.77	14156
103.4	-7.73	14162
103.6	-7.92	14168
103.8	-7.77	14175
104.0	-8.04	14181
104.2	-7.96	14187
104.4	-7.96	14193
104.6	-7.92	14199
104.8	-7.98	14206
105.1	-7.91	14212
105.3	-8.02	14218
105.5	-7.90	14224
105.7	-7.88	14230
105.9	-7.95	14237
106.1	-8.00	14243
106.3	-7.99	14249
106.5	-8.00	14255
106.7	-7.87	14261
106.9	-7.92	14268
107.1	-7.95	14274
107.3	-8.03	14280
107.6	-8.08	14286
107.8	-8.21	14292
108.0	-8.27	14299
108.2	-7.98	14305
108.4	-8.09	14311
108.6	-7.95	14317
108.8	-8.06	14323
109.0	-8.00	14330
109.2	-7.97	14336
109.4	-7.84	14342
109.6	-8.02	14348
109.8	-8.03	14354
110.0	-7.89	14361
110.3	-7.92	14367
110.5	-7.95	14373
110.7	-7.98	14379
110.9	-7.80	14385
111.1	-7.80	14392
111.3	-7.78	14398
111.5	-7.94	14404
111.7	-7.75	14410
111.9	-7.67	14416
112.1	-7.75	14423
112.3	-7.77	14429
112.5	-7.72	14435
112.8	-7.68	14441
113.0	-7.60	14447
113.2	-7.45	14454
113.4	-7.38	14460
113.6	-7.44	14466
113.8	-7.44	14472
114.0	-7.27	14478
114.2	-7.29	14485
114.4	-7.18	14491
114.6	-7.08	14497
114.8	-7.24	14503
115.0	-7.23	14509
115.2	-7.29	14516
115.5	-7.29	14522
115.7	-7.17	14528
115.9	-7.16	14534
116.1	-7.14	14540
116.3	-7.06	14547
116.5	-7.08	14553
116.7	-7.02	14559
116.9	-7.03	14565
117.1	-7.02	14571
117.3	-7.02	14578
117.5	-7.10	14584
117.7	-6.93	14590
118.0	-6.88	14596
118.2	-6.95	14602
118.4	-6.91	14609
118.6	-6.67	14615
118.8	-6.75	14621
119.0	-6.77	14627
119.2	-6.74	14630
119.4	-6.84	14631
119.6	-6.69	14632
119.8	-6.71	14633
120.0	-6.49	14634
120.2	-6.51	14635
120.4	-6.49	14636
120.7	-6.57	14637
120.9	-6.67	14639
121.1	-6.50	14640
121.3		14641
121.5	-6.36	14642
121.7	-6.38	14643
121.9	-6.42	14644
122.1	-6.56	14645
122.3	-6.35	14647
122.5	-6.32	14648
122.7	-6.33	14649
122.9	-6.39	14655
123.2	-6.21	14663
123.4	-6.22	14671
123.6	-6.12	14679
123.8	-6.18	14688
124.0	-6.15	14696
124.2	-6.23	14704
124.4	-6.15	14712
124.6	-6.17	14720
124.8	-6.14	14728
125.0	-6.24	14737
125.2	-5.89	14745
125.4	-6.09	14753
125.6	-5.87	14761
125.9	-5.95	14769
126.1	-5.93	14778
126.3	-5.95	14786
126.5	-5.98	14794
126.7	-5.91	14802
126.9	-6.00	14810
127.1	-6.12	14818
127.3	-6.00	14827
127.5	-5.92	14835
127.7	-5.95	14843
127.9	-5.92	14851
128.1	-5.96	14859
128.4	-6.01	14868
128.6	-5.94	14876
128.8	-6.01	14884
129.0	-5.90	14892
129.2	-6.07	14900
129.4	-6.09	14908
129.6	-5.91	14917
129.8	-5.81	14925
130.0	-5.66	14933
130.2	-5.78	14962
130.4	-5.67	14991
130.6	-5.55	15019
130.8	-5.56	15048
131.1	-5.52	15077
131.3	-5.56	15095
131.5	-5.83	15104
131.7	-5.69	15112
131.9	-5.72	15121
132.1	-5.87	15129
132.3	-5.87	15138
132.5	-5.73	15146
132.7	-5.98	15155
132.9	-5.98	15163
133.1	-5.97	15172
133.3	-5.74	15180
133.6	-5.84	15189
133.8	-5.67	15197
134.0	-5.89	15206
134.2	-5.80	15214
134.4	-5.75	15223
134.6	-5.78	15231
134.8	-5.87	15240
135.0	-5.97	15248
135.2	-5.81	15257
135.4	-5.91	15265
135.6	-5.81	15273
136.0	-5.99	15282
136.3	-6.03	15290
136.5	-6.02	15299
136.7	-6.18	15307
136.9	-6.10	15316
137.1	-5.99	15324
137.3	-5.97	15333
137.5	-5.85	15341
137.7	-5.80	15350
137.9	-5.77	15358
138.1	-5.48	15367
138.3	-5.48	15375
138.5	-5.62	15384
138.8	-5.69	15392
139.0	-5.77	15401
139.2	-5.76	15409
139.4	-5.73	15418
139.6	-5.81	15426
139.8	-5.84	15435
140.0	-5.89	15443
140.2	-5.87	15452
140.4	-6.07	15460
140.6	-6.01	15468
140.8	-6.14	15476
141.0	-5.87	15484
141.2	-5.91	15492
141.4	-6.04	15501
141.6	-6.33	15509
141.8	-6.28	15517
142.0	-6.35	15525
142.3	-6.28	15533
142.6	-6.12	15545
142.9	-6.48	15558
143.2	-6.19	15570
143.5	-6.15	15577
143.8	-5.84	15581
144.1	-5.62	15585
144.4	-5.81	15589
144.7	-5.64	15594
145.0	-5.53	15598
145.3	-5.71	15602
145.6	-5.66	15606
145.9	-5.88	15610
146.2	-5.43	15614
146.5	-5.53	15618
146.7	-5.55	15623
146.9	-5.56	15625
147.1	-5.50	15628
147.3	-5.17	15631
147.5	-5.13	15634
147.7	-5.15	15636
147.9	-5.39	15639
148.1	-5.36	15642
148.3	-5.37	15645
148.5	-5.47	15648
148.7	-5.85	15650
148.9	-5.92	15653
149.1	-5.94	15656
149.3	-5.67	15659
149.5	-5.54	15661
149.7	-5.46	15664
149.9	-5.73	15667
150.1	-5.83	15670
150.3	-5.98	15678
150.5	-5.98	15686
150.7	-5.91	15694
150.9	-5.26	15702
151.1	-5.61	15710
151.3	-5.14	15718
151.5	-5.54	15727
152.1	-5.85	15735
152.4	-5.69	15760
152.6	-5.83	15771
152.9	-5.59	15781
153.1	-5.40	15791
153.4	-5.43	15801
153.6	-5.21	15811
153.9	-5.18	15822
154.1	-5.12	15832
154.3	-5.16	15840
154.4	-5.10	15847
154.6	-5.11	15854
154.8	-5.03	15861
154.9	-4.96	15868
155.1	-4.76	15875
155.4	-4.74	15883
155.6	-4.74	15893
155.9	-4.77	15903
156.1	-4.78	15914
156.3	-4.70	15923
156.5	-4.84	15931
156.7	-4.73	15939
156.9	-4.86	15947
157.1	-4.85	15956
157.3	-4.96	15964
157.5	-4.94	15972
157.7	-5.00	15980
157.9	-4.90	15988
158.1	-4.91	15996
158.3	-4.85	16005
158.5	-4.82	16013
158.7	-4.76	16021
158.9	-5.01	16029
159.1	-5.38	16037
159.3	-5.37	16044
159.5	-6.00	16052
159.7	-5.84	16060
159.9	-5.65	16069
160.2	-5.59	16077
160.4	-5.77	16090
160.6	-5.71	16099
160.8	-5.94	16107
161.0	-5.92	16115
161.4	-5.97	16123
161.8	-6.09	16139
162.1	-5.99	16156
162.4	-6.08	16170
162.7	-6.04	16182
163.0	-6.57	16193
163.1	-6.41	16205
163.3	-6.15	16209
163.5	-6.30	16217
163.7	-6.26	16225
163.9	-6.36	16234
164.1	-6.23	16242
164.4	-6.26	16252
164.7	-6.25	16263
165.0	-6.30	16275
165.4	-6.22	16287
165.6	-5.89	16303
165.8	-6.18	16311
166.0	-6.15	16319
166.1	-6.04	16328
166.3	-5.79	16332
166.6	-5.78	16341
166.8	-5.69	16350
167.0	-5.72	16359
167.2	-5.86	16368
167.4	-5.77	16376
167.5	-5.90	16383
167.7	-6.23	16391
167.9	-6.16	16398
168.1	-6.61	16406
168.3	-7.00	16411
168.5	-7.06	16419
168.7	-7.16	16428
168.9	-6.97	16436
169.1	-6.85	16444
169.3	-6.72	16452
169.5	-6.91	16460
169.7	-6.38	16469
169.9	-6.03	16477
170.1	-5.94	16485
170.3	-6.00	16493
170.5	-6.53	16501
170.7	-6.58	16509
170.9	-6.61	16518
171.1	-6.54	16526
171.3	-6.65	16534
171.5	-6.54	16542
171.7	-6.58	16550
171.9	-6.60	16558
172.1	-6.44	16567
172.3	-5.76	16622
172.5	-5.56	16625
172.7	-5.77	16628
172.9	-5.61	16631
173.1	-5.66	16634
173.3	-5.70	16637
173.5	-5.91	16640
173.7	-5.89	16642
173.9	-6.15	16645
174.1	-5.84	16648
174.3	-5.85	16651
174.5	-5.85	16654
174.7	-5.81	16657
174.9	-6.06	16660
175.1	-6.07	16663
175.3	-5.75	16665
175.5	-5.48	16668
175.7	-5.67	16671
175.9	-5.72	16674
176.1	-5.78	16677
176.3	-6.05	16680
176.5	-5.99	16683
176.7	-5.80	16686
176.9	-5.50	16690
177.0	-5.71	16700
177.2	-5.72	16709
177.4	-6.18	16719
177.6	-6.34	16729
177.8	-6.57	16739
178.0	-6.83	16748
178.2	-6.80	16758
178.4	-6.70	16768
178.6	-6.11	16778
178.8	-5.89	16787
179.0	-5.51	16797
179.2	-5.49	16807
179.4	-5.52	16816
179.6	-5.51	16826
179.8	-5.54	16836
180.0	-5.63	16846
180.2	-5.72	16855
180.4	-5.85	16865
180.6	-5.86	16875
180.8	-5.74	16884
181.0	-5.80	16894
181.2	-5.65	16904
181.4	-5.77	16914
181.6	-5.78	16923
181.8	-5.82	16933
182.0	-5.76	16943
182.1	-5.80	16951
182.2	-5.70	16956
182.3	-5.75	16961
182.4	-5.96	16966
182.5	-5.93	16971
182.6	-5.96	16976
182.7	-5.83	16980
182.8	-5.87	16985
182.9	-5.97	16990
183.1	-5.84	16995
183.3	-5.93	17001
183.5	-5.89	17011
183.7	-6.06	17021
183.9	-6.18	17030
184.1	-6.22	17040
184.3	-6.10	17050
184.5	-5.90	17052
184.7	-5.57	17053
184.9	-5.36	17054
185.1	-5.41	17055
185.3	-5.89	17056
185.5	-5.90	17057
185.7	-5.74	17057
185.9	-6.07	17058
186.1	-6.24	17059
186.3	-6.28	17060
186.5	-6.13	17061
186.7	-6.26	17062
186.9	-6.31	17063
187.1	-6.49	17064
187.3	-6.45	17065
187.5	-6.27	17066
187.7	-6.42	17067
187.9	-6.36	17068
188.1	-6.59	17069
188.3	-6.38	17070
188.5	-6.40	17071
188.7	-6.66	17071
188.9	-6.60	17072
189.1	-6.70	17073
189.3	-6.76	17074
189.5	-6.40	17075
189.7	-6.16	17082
189.9	-6.39	17091
190.1	-6.74	17100
190.3	-7.08	17109
190.5	-7.52	17118
190.7	-7.62	17127
190.9	-7.59	17136
191.1	-7.55	17145
191.3	-7.18	17154
191.5	-7.08	17163
191.7	-7.38	17172
191.9	-7.38	17181
192.0	-6.99	17190
192.2	-6.86	17199
192.4	-6.87	17208
192.6	-6.77	17217
192.8	-6.68	17226
193.0	-6.58	17235
193.2	-6.46	17244
193.4	-6.42	17253
193.6	-6.30	17262
193.8	-6.31	17271
194.0	-6.47	17280
194.2	-6.73	17289
194.4	-7.46	17298
194.6	-7.70	17307
194.8	-7.45	17316
195.0	-7.14	17325
195.2	-6.74	17333
195.4	-6.80	17342
195.6	-6.91	17351
195.8	-6.81	17360
196.0	-6.88	17369
196.2	-6.90	17378
196.4	-6.92	17387
196.6	-6.70	17396
196.8	-6.52	17405
197.0	-6.47	17414
197.2	-6.43	17423
197.4	-6.43	17432
197.6	-6.52	17441
197.8	-6.52	17450
198.0	-6.12	17459
198.2	-6.20	17468
198.4	-6.13	17477
198.6	-6.17	17486
198.8	-6.13	17495
199.0	-6.16	17504
199.2	-6.00	17513
199.4	-5.92	17522
199.6	-5.82	17531
199.8	-5.83	17540
200.0	-5.78	17549
200.2	-5.79	17558
200.4	-5.90	17567
200.6	-6.01	17576
200.8	-5.98	17585
201.0	-6.14	17594
201.2	-6.16	17603
201.4	-6.10	17612
201.6	-6.17	17621
201.8	-6.06	17630
202.0	-6.13	17638
202.2	-6.19	17652
202.4	-6.19	17667
202.6	-6.86	17681
202.8	-7.20	17696
203.0	-7.27	17710
203.2	-7.07	17725
203.4	-7.48	17740
203.6	-7.86	17754
203.8	-7.74	17769
204.0	-7.17	17783
204.2	-6.62	17798
204.4	-6.60	17812
204.6	-7.06	17827
204.8	-6.84	17841
205.0	-6.76	17856
205.2	-6.25	17871
205.4	-6.44	17885
205.6	-6.72	17900
205.8	-6.99	17914
206.0	-6.36	17929
206.2	-6.38	17943
206.4	-6.51	17958
206.6	-6.73	17972
206.8	-7.25	17987
207.0	-7.53	18002
207.2	-7.78	18016
207.4	-7.54	18031
207.6	-7.29	18045
207.8	-7.23	18060
208.0	-7.04	18074
208.2	-7.19	18089
208.4	-7.24	18103
208.6	-6.74	18118
208.8	-7.22	18133
209.0	-7.42	18147
209.2	-6.58	18162
209.4	-6.48	18176
209.6	-6.67	18191
209.8	-6.87	18205
210.0	-6.91	18220
210.2	-7.05	18235
210.4	-7.05	18249
210.6	-6.72	18264
210.8	-6.55	18289
211.0	-6.64	18295
211.2	-6.57	18301
211.4	-6.71	18307
211.6	-6.50	18312
211.8	-6.59	18318
212.0	-6.79	18324
212.2	-6.77	18330
212.4	-6.74	18336
212.6	-6.54	18342
212.8	-6.52	18347
213.0	-6.48	18353
213.2	-6.45	18359
213.4	-6.65	18365
213.6	-6.78	18371
213.8	-6.77	18377
214.0	-6.62	18383
214.2	-6.76	18388
214.4	-6.96	18394
214.6	-7.05	18400
214.8	-7.14	18406
215.0	-7.34	18412
215.2	-7.06	18418
215.4	-7.16	18424
215.6	-6.99	18429
215.8	-6.72	18435
216.0	-6.77	18441
216.2	-7.06	18447
216.4	-7.21	18453
216.6	-7.44	18459
216.8	-7.32	18464
217.1	-7.39	18470
217.3	-7.26	18478
217.5	-6.85	18483
217.7	-6.38	18489
217.9	-6.44	18495
218.1	-6.37	18501
218.3	-6.76	18505
218.5	-6.79	18511
218.7	-6.76	18517
218.9	-6.94	18523
219.1	-7.09	18529
219.3	-7.13	18535
219.5	-7.17	18541
219.7	-7.21	18546
219.9	-7.15	18552
220.1	-7.29	18558
220.3	-7.13	18564
220.5	-7.04	18570
220.7	-7.08	18576
220.9	-6.93	18581
221.1	-6.78	18587
221.3	-6.81	18593
221.5	-6.76	18599
221.7	-6.77	18605
221.9	-6.73	18611
222.1	-6.66	18617
222.3	-6.54	18622
222.5	-6.66	18628
222.7	-6.79	18634
222.9	-6.82	18640
223.1	-7.22	18646
223.3	-7.47	18652
223.5	-7.33	18658
223.7	-7.37	18663
223.9	-7.28	18669
224.1	-7.05	18675
224.3	-7.43	18681
224.5	-6.87	18687
224.7	-7.45	18693
224.9	-7.83	18698
225.1	-7.50	18704
225.3	-7.55	18710
225.5	-7.78	18716
225.7	-7.55	18722
225.9	-7.40	18728
226.1	-7.02	18734
226.3	-6.87	18739
226.5	-7.08	18745
226.7	-7.21	18751
226.9	-7.00	18757
227.0	-6.91	18763
227.2	-6.85	18769
227.4	-6.91	18775
227.6	-6.69	18780
227.8	-7.06	18786
228.0	-7.33	18792
228.2	-7.70	18798
228.4	-7.65	18804
228.6	-7.80	18810
228.8	-8.04	18815
229.0	-8.44	18821
229.2	-8.72	18827
229.4	-8.37	18833
229.6	-8.22	18839
229.8	-7.88	18845
230.0	-7.75	18833
230.2	-7.59	18833
230.4	-7.71	18834
230.6	-7.54	18834
230.8	-7.31	18834
231.0	-7.44	18835
231.2	-7.51	18835
231.4	-7.87	18835
231.6	-7.39	18836
231.8	-7.30	18836
232.0	-7.20	18836
232.2	-7.29	18837
232.4	-7.66	18837
232.6	-7.19	18837
232.8	-6.84	18838
233.0	-6.36	18838
233.2	-6.51	18838
233.4	-6.79	18838
233.6	-7.17	18839
233.8	-6.84	18839
234.0	-7.19	18839
234.2	-7.19	18840
234.4	-6.63	18840
234.6	-7.06	18840
234.8	-6.90	18841
235.0	-6.76	18843
235.2	-6.53	18848
235.4	-7.04	18853
235.6	-7.04	18858
235.8	-6.97	18863
236.0	-7.40	18868
236.2	-7.38	18873
236.4	-7.18	18878
236.6	-7.05	18883
236.8	-7.26	18889
237.0	-6.93	18894
237.2	-6.64	18899
237.4	-6.42	18904
237.6	-6.33	18909
237.8	-6.75	18914
238.0	-6.73	18919
238.2	-7.47	18924
238.4	-7.30	18929
238.6	-7.25	18934
238.8	-7.04	18939
239.0	-7.27	18944
239.2	-7.30	18949
239.4	-7.38	18955
239.6	-6.96	18960
239.8	-6.75	18965
240.0	-6.79	18970
240.2	-6.69	18975
240.4	-6.67	18980
240.6	-6.65	18985
240.8	-6.53	18990
241.0	-6.41	18995
241.2	-6.84	19000
241.4	-6.99	19005
241.6	-7.08	19010
241.8	-7.25	19015
242.0	-7.21	19021
242.2	-6.87	19026
242.4	-6.89	19031
242.6	-6.87	19036
242.8	-6.79	19041
243.0	-7.04	19046
243.2	-6.96	19051
243.4	-7.00	19056
243.6	-6.89	19061
243.8	-7.12	19066
244.0	-7.06	19071
244.2	-6.60	19076
244.4	-6.53	19081
244.6	-6.88	19086
244.8	-7.08	19092
245.0	-6.85	19097
245.2	-7.18	19102
245.4	-6.62	19112
245.6	-6.16	19122
245.8	-6.65	19132
246.0	-6.54	19142
246.2	-6.89	19152
246.4	-7.44	19163
246.6	-7.35	19173
246.8	-6.80	19183
247.0	-6.26	19193
247.2	-6.81	19203
247.4	-7.27	19213
247.6	-7.39	19224
247.8	-7.14	19234
248.0	-6.71	19244
248.2	-6.21	19254
248.4	-6.34	19259
248.6	-6.44	19264
248.8	-6.27	19269
249.0	-6.35	19274
249.2	-6.32	19279
249.4	-6.41	19284
249.6	-6.69	19289
249.8	-6.88	19295
250.0	-6.93	19300
250.2	-7.10	19305
250.4	-7.31	19310
250.6	-7.43	19315
250.8	-7.03	19320
251.0	-6.60	19325
251.2	-6.93	19330
251.4	-6.83	19335
251.6	-6.57	19340
251.8	-6.68	19345
252.0	-6.73	19350
252.2	-6.65	19355
252.4	-6.99	19361
252.6	-6.83	19366
252.8	-6.86	19371
253.0	-6.86	19376
253.2	-6.72	19381
253.4	-6.75	19386
253.6	-6.42	19391
253.8	-6.50	19396
254.0	-6.32	19401
254.2	-6.31	19406
254.4	-6.49	19411
254.6	-6.42	19440
254.8	-6.52	19477
255.0	-6.60	19515
255.2	-6.53	19552
255.4	-6.45	19590
255.6	-6.38	19627
255.8	-6.48	19664
256.0	-6.55	19702
256.2	-6.78	19739
256.4	-6.66	19777
256.6	-6.58	19814
256.8	-6.47	19851
257.0	-6.39	19889
257.2	-6.39	19926
257.4	-6.35	19964
257.6	-6.43	20001
257.8	-6.40	20038
258.0	-6.26	20076
258.2	-6.03	20113
258.4	-6.18	20151
258.6	-6.22	20188
258.8	-6.07	20225
259.0	-5.82	20263
259.2	-5.98	20300
259.4	-6.05	20316
259.6	-5.92	20330
259.8	-5.98	20344
260.0	-6.14	20357
260.2	-6.12	20371
260.4	-6.08	20384
260.6	-6.12	20398
260.8	-6.16	20411
261.0	-6.11	20425
261.2	-6.27	20438
261.4	-5.99	20452
261.6	-6.17	20465
261.8	-6.44	20479
262.0	-6.21	20492
262.2	-6.23	20506
262.4	-6.25	20519
262.6	-6.13	20533
262.8	-6.31	20546
263.0	-6.39	20560
263.2	-6.56	20574
263.4	-6.55	20587
263.6	-6.33	20601
263.8	-6.28	20614
264.0	-6.46	20628
264.2	-6.46	20641
264.4	-6.64	20656
264.6	-6.57	20673
264.8	-6.48	20690
265.0	-6.63	20707
265.2	-6.60	20723
265.4	-6.53	20740
265.6	-6.38	20757
265.8	-6.46	20774
266.0	-6.36	20791
266.2	-6.42	20808
266.4	-6.10	20825
266.6	-6.22	20842
266.8	-6.29	20859
267.0	-6.21	20876
267.2	-5.97	20893
267.4	-6.29	20910
267.6	-6.44	20927
267.8	-6.20	20944
268.0	-6.26	20961
268.2	-6.16	20978
268.4	-6.10	20995
268.6	-6.03	21011
268.8	-6.04	21028
269.0	-6.01	21045
269.2	-6.01	21062
269.4	-5.90	21079
269.6	-6.01	21096
269.8	-6.25	21113
270.0	-6.45	21130
270.2	-6.37	21147
270.4	-6.36	21164
270.6	-6.33	21181
270.8	-6.29	21198
271.0	-6.69	21215
271.2	-6.68	21232
271.4	-6.62	21249
271.6	-6.67	21266
271.8	-6.72	21283
272.0	-6.71	21299
272.2	-6.74	21316
272.4	-6.77	21333
272.6	-6.63	21350
272.8	-6.66	21367
273.0	-6.64	21384
273.2	-6.84	21401
273.4	-6.84	21418
273.6	-6.55	21435
273.8	-6.62	21452
274.0	-6.70	21469
274.2	-6.59	21486
274.4	-6.63	21503
274.6	-6.64	21520
274.8	-6.65	21537
275.0	-6.71	21554
275.2	-6.75	21571
275.4	-6.72	21587
275.6	-6.94	21604
275.8	-6.86	21621
276.0	-6.78	21638
276.2	-6.72	21655
276.4	-6.69	21672
276.6	-6.64	21689
276.8	-6.40	21706
277.0	-6.61	21723
277.2	-6.71	21740
277.4	-6.74	21757
277.6	-6.77	21774
277.8	-6.71	21791
278.0	-6.51	21808
278.2	-6.37	21825
278.4	-6.50	21842
278.6	-6.46	21859
278.8	-6.19	21876
279.0	-6.25	21892
279.2	-6.29	21909
279.4	-6.26	21926
279.6	-6.00	21943
279.8	-5.94	21960
